#t	<s0_z(t)*s0_z(0)>
0	0.24827
0.11	0.247271
0.2	0.245322
0.3	0.241991
0.4	0.237474
0.5	0.231831
0.6	0.225133
0.7	0.217466
0.8	0.208925
0.9	0.199615
1	0.18965
1.1	0.179146
1.2	0.168227
1.3	0.157016
1.4	0.145636
1.5	0.134209
1.6	0.122852
1.7	0.111678
1.8	0.100791
1.9	0.0902894
2	0.0802591
2.11	0.0698624
2.21	0.0610606
2.31	0.0529332
2.41	0.045522
2.51	0.038857
2.61	0.032957
2.71	0.0278298
2.81	0.0234727
2.91	0.0198733
3.01	0.0170105
3.11	0.0148554
3.21	0.0133722
3.31	0.0125196
3.41	0.0122518
3.51	0.0125194
3.61	0.0132708
3.71	0.0144532
3.81	0.0160134
3.91	0.0178991
4.01	0.020059
4.11	0.0224444
4.21	0.0250089
4.31	0.0277098
4.41	0.0305075
4.51	0.0333665
4.61	0.036255
4.71	0.0391454
4.81	0.0420136
4.91	0.0448396
5.01	0.0476067
5.11	0.0503015
5.21	0.0529135
5.31	0.0554345
5.41	0.0578589
5.51	0.0601826
5.61	0.0624031
5.71	0.064519
5.81	0.0665297
5.91	0.0684353
6.01	0.0702362
6.11	0.0719328
6.21	0.0735257
6.31	0.0750156
6.41	0.0764029
6.51	0.077688
6.61	0.0788714
6.71	0.0799535
6.81	0.0809349
6.91	0.0818164
7.01	0.0825992
7.11	0.0832849
7.21	0.0838755
7.31	0.0843739
7.41	0.0847833
7.51	0.0851079
7.61	0.0853523
7.71	0.085522
7.81	0.085623
7.91	0.0856617
8.01	0.0856452
8.11	0.0855805
8.21	0.0854752
8.31	0.0853364
8.41	0.0851714
8.51	0.084987
8.61	0.0847896
8.71	0.084585
8.81	0.0843783
8.91	0.0841737
9.01	0.0839747
9.11	0.0837837
9.21	0.0836023
9.31	0.0834313
9.41	0.0832706
9.51	0.0831192
9.61	0.0829756
9.71	0.0828376
9.81	0.0827026
9.91	0.0825679
10.01	0.0824304
10.11	0.082287
10.21	0.0821349
10.31	0.0819715
10.41	0.0817944
10.51	0.081602
10.61	0.081393
10.71	0.081167
10.81	0.080924
10.91	0.080665
11.01	0.0803915
11.11	0.080106
11.21	0.0798115
11.31	0.0795118
11.41	0.0792111
11.51	0.0789143
11.61	0.0786267
11.71	0.078354
11.81	0.0781021
11.91	0.077877
12.01	0.0776848
12.11	0.0775314
12.21	0.0774226
12.31	0.0773639
12.41	0.0773602
12.51	0.0774159
12.61	0.0775348
12.71	0.0777199
12.81	0.0779732
12.91	0.0782961
13.01	0.0786886
13.11	0.07915
13.21	0.0796783
13.31	0.0802705
13.41	0.0809225
13.51	0.0816291
13.61	0.0823841
13.71	0.0831805
13.81	0.0840102
13.91	0.0848647
14.01	0.0857345
14.11	0.0866099
14.21	0.0874808
14.31	0.0883371
14.41	0.0891684
14.51	0.0899647
14.61	0.0907165
14.71	0.0914146
14.81	0.0920506
14.91	0.0926168
15.01	0.0931066
15.11	0.0935143
15.21	0.0938355
15.31	0.0940667
15.41	0.094206
15.51	0.0942523
15.61	0.094206
15.71	0.0940685
15.81	0.0938425
15.91	0.0935316
16.01	0.0931403
16.11	0.0926741
16.21	0.0921392
16.31	0.0915422
16.41	0.0908904
16.51	0.0901916
16.61	0.0894536
16.71	0.0886844
16.81	0.0878921
16.91	0.0870848
17.01	0.0862703
17.11	0.0854561
17.21	0.0846497
17.31	0.0838579
17.41	0.0830872
17.51	0.0823435
17.61	0.0816323
17.71	0.0809586
17.81	0.0803266
17.91	0.0797401
18	0.0792537
18.1	0.0787618
18.2	0.0783227
18.3	0.077938
18.4	0.0776085
18.5	0.0773345
18.6	0.0771159
18.7	0.0769519
18.8	0.0768416
18.9	0.0767835
19	0.0767759
19.1	0.0768168
19.2	0.0769041
19.3	0.0770353
19.4	0.077208
19.5	0.0774198
19.6	0.0776681
19.7	0.0779506
19.8	0.0782647
19.9	0.0786083
20	0.078979
20.1	0.0793748
20.2	0.0797934
20.3	0.0802329
20.4	0.0806912
20.5	0.0811664
20.6	0.0816561
20.7	0.0821584
20.8	0.0826707
20.9	0.0831905
21	0.083715
21.1	0.0842413
21.2	0.0847661
21.3	0.0852858
21.4	0.0857966
21.5	0.0862946
21.6	0.0867755
21.7	0.087235
21.8	0.0876687
21.9	0.0880721
22	0.0884409
22.1	0.0887709
22.2	0.0890582
22.3	0.0892992
22.4	0.0894908
22.5	0.0896302
22.6	0.0897154
22.7	0.089745
22.8	0.0897182
22.9	0.0896349
23	0.089496
23.1	0.0893027
23.2	0.0890573
23.3	0.0887627
23.4	0.0884223
23.5	0.0880403
23.6	0.0876213
23.7	0.0871706
23.8	0.0866936
23.9	0.0861962
24	0.0856845
24.1	0.0851647
24.2	0.0846433
24.3	0.0841264
24.4	0.0836204
24.5	0.0831312
24.6	0.0826649
24.7	0.0822269
24.8	0.0818225
24.9	0.0814565
25	0.0811333
25.1	0.0808568
25.2	0.0806303
25.3	0.0804566
25.4	0.0803379
25.5	0.0802757
25.6	0.0802707
25.7	0.0803231
25.8	0.0804324
25.9	0.0805973
26	0.0808157
26.1	0.081085
26.2	0.0814019
26.3	0.0817622
26.4	0.0821614
26.5	0.0825943
26.6	0.0830552
26.7	0.0835382
26.8	0.0840369
26.9	0.0845446
27	0.0850546
27.1	0.0855603
27.2	0.0860547
27.3	0.0865316
27.4	0.0869845
27.5	0.0874077
27.6	0.0877956
27.7	0.0881435
27.8	0.0884469
27.9	0.0887023
28	0.0889067
28.1	0.089058
28.2	0.0891546
28.3	0.0891959
28.4	0.0891821
28.5	0.0891138
28.6	0.0889926
28.7	0.0888207
28.8	0.0886011
28.9	0.088337
29	0.0880324
29.1	0.0876917
29.2	0.0873197
29.3	0.0869214
29.4	0.0865021
29.5	0.0860674
29.6	0.0856225
29.7	0.0851732
29.8	0.0847246
29.9	0.0842821
30	0.0838504
30.1	0.0834341
30.2	0.0830373
30.3	0.0826635
30.4	0.0823158
30.5	0.0819966
30.6	0.0817074
30.7	0.0814493
30.8	0.0812226
30.9	0.0810268
31	0.0808607
31.1	0.0807225
31.2	0.0806099
31.3	0.0805198
31.4	0.080449
31.5	0.0803937
31.6	0.08035
31.7	0.080314
31.8	0.0802816
31.9	0.0802492
32	0.0802134
32.1	0.0801711
32.2	0.08012
32.3	0.0800583
32.4	0.0799849
32.5	0.0798996
32.6	0.0798028
32.7	0.0796958
32.8	0.0795807
32.9	0.0794603
33	0.0793377
33.1	0.0792168
33.2	0.0791017
33.3	0.0789968
33.4	0.0789065
33.5	0.0788348
33.6	0.0787858
33.7	0.0787629
33.8	0.0787689
33.9	0.0788061
34	0.0788756
34.1	0.078978
34.2	0.0791125
34.3	0.0792778
34.4	0.0794713
34.5	0.0796897
34.6	0.0799288
34.7	0.0801839
34.8	0.0804496
34.9	0.0807201
35	0.0809895
35.1	0.0812516
35.2	0.0815008
35.3	0.0817314
35.4	0.0819385
35.5	0.0821176
35.6	0.0822653
35.7	0.0823789
35.8	0.0824567
35.9	0.082498
36	0.0825034
36.1	0.0824742
36.2	0.0824131
36.3	0.0823235
36.4	0.0822096
36.5	0.0820765
36.6	0.0819298
36.7	0.0817754
36.8	0.0816198
36.9	0.0814692
37	0.0813298
37.1	0.0812077
37.2	0.0811084
37.3	0.0810368
37.4	0.0809971
37.5	0.0809927
37.6	0.0810261
37.7	0.0810986
37.8	0.0812106
37.9	0.0813615
38	0.0815496
38.1	0.0817722
38.2	0.0820255
38.3	0.0823051
38.4	0.0826058
38.5	0.0829219
38.6	0.083247
38.7	0.0835748
38.8	0.0838985
38.9	0.0842118
39	0.0845084
39.1	0.0847823
39.2	0.0850284
39.3	0.085242
39.4	0.0854196
39.5	0.0855582
39.6	0.0856562
39.7	0.0857129
39.8	0.0857286
39.9	0.0857048
40	0.0856439
40.1	0.0855494
40.2	0.0854256
40.3	0.0852774
40.4	0.0851104
40.5	0.0849307
40.6	0.0847446
40.7	0.0845583
40.8	0.0843782
40.9	0.0842104
41	0.0840604
41.1	0.0839333
41.2	0.0838335
41.3	0.0837645
41.4	0.0837291
41.5	0.0837291
41.6	0.0837655
41.7	0.0838382
41.8	0.0839463
41.9	0.0840882
42	0.0842613
42.1	0.0844627
42.2	0.0846887
42.3	0.0849352
42.4	0.0851979
42.5	0.0854725
42.6	0.0857544
42.7	0.0860391
42.8	0.0863225
42.9	0.0866004
43	0.0868692
43.11	0.0871504
43.21	0.0873897
43.31	0.0876108
43.41	0.0878118
43.51	0.0879908
43.61	0.0881467
43.71	0.0882785
43.81	0.0883854
43.91	0.0884671
44.01	0.0885233
44.11	0.088554
44.21	0.0885593
44.31	0.0885395
44.41	0.0884948
44.51	0.0884257
44.61	0.0883327
44.71	0.0882164
44.81	0.0880774
44.91	0.0879166
45.01	0.0877348
45.11	0.087533
45.21	0.0873124
45.31	0.0870742
45.41	0.0868199
45.51	0.0865508
45.61	0.0862687
45.71	0.0859752
45.81	0.0856719
45.91	0.0853606
46.01	0.0850429
46.11	0.0847204
46.21	0.0843946
46.31	0.0840666
46.41	0.0837375
46.51	0.0834082
46.61	0.0830793
46.71	0.0827511
46.81	0.0824236
46.91	0.0820969
47.01	0.0817706
47.11	0.0814442
47.21	0.0811172
47.31	0.0807892
47.41	0.0804597
47.51	0.0801283
47.61	0.079795
47.71	0.07946
47.81	0.0791238
47.91	0.0787875
48.01	0.0784526
48.11	0.0781209
48.21	0.077795
48.31	0.0774779
48.41	0.0771732
48.51	0.0768847
48.61	0.0766167
48.71	0.0763741
48.81	0.0761616
48.91	0.0759842
49.01	0.075847
49.11	0.0757547
49.21	0.0757119
49.31	0.0757229
49.41	0.0757913
49.51	0.0759202
49.61	0.0761118
49.71	0.0763677
49.81	0.0766883
49.91	0.0770731
50.01	0.0775206
50.11	0.0780284
50.21	0.0785927
50.31	0.0792089
50.41	0.0798713
50.51	0.0805735
50.61	0.0813079
50.71	0.0820665
50.81	0.0828407
50.91	0.0836212
51.01	0.0843987
51.11	0.0851636
51.21	0.0859064
51.31	0.0866179
51.41	0.0872894
51.51	0.0879126
51.61	0.0884801
51.71	0.0889853
51.81	0.0894228
51.91	0.0897884
52.01	0.0900789
52.11	0.0902928
52.21	0.0904297
52.31	0.0904908
52.41	0.0904785
52.51	0.0903965
52.61	0.0902498
52.71	0.0900446
52.81	0.0897878
52.91	0.0894873
53.01	0.0891515
53.11	0.0887892
53.21	0.0884095
53.31	0.0880212
53.41	0.0876332
53.51	0.0872536
53.61	0.0868902
53.71	0.0865496
53.81	0.0862377
53.91	0.0859593
54.01	0.0857179
54.11	0.0855158
54.21	0.0853542
54.31	0.085233
54.41	0.085151
54.51	0.0851057
54.61	0.085094
54.71	0.0851116
54.81	0.085154
54.91	0.0852159
55.01	0.0852918
55.11	0.085376
55.21	0.0854631
55.31	0.0855478
55.41	0.0856252
55.51	0.0856908
55.61	0.0857411
55.71	0.085773
55.81	0.0857843
55.91	0.0857737
56.01	0.0857405
56.11	0.085685
56.21	0.0856081
56.31	0.0855116
56.41	0.0853976
56.51	0.0852689
56.61	0.0851286
56.71	0.0849799
56.81	0.0848265
56.91	0.0846719
57.01	0.0845195
57.11	0.0843725
57.21	0.084234
57.31	0.0841067
57.41	0.0839928
57.51	0.0838941
57.61	0.083812
57.71	0.0837474
57.81	0.0837007
57.91	0.0836717
58.01	0.08366
58.11	0.0836646
58.21	0.0836842
58.31	0.0837171
58.41	0.0837616
58.51	0.0838154
58.61	0.0838763
58.71	0.0839421
58.81	0.0840103
58.91	0.0840787
59.01	0.0841449
59.11	0.0842068
59.21	0.0842625
59.31	0.0843103
59.41	0.0843488
59.51	0.0843766
59.61	0.084393
59.71	0.0843974
59.81	0.0843894
59.91	0.0843693
60.01	0.0843372
60.11	0.0842938
60.21	0.0842401
60.31	0.0841771
60.41	0.084106
60.51	0.0840282
60.61	0.0839452
60.71	0.0838584
60.81	0.0837691
60.91	0.0836787
61.01	0.0835883
61.11	0.0834989
61.21	0.0834112
61.31	0.0833255
61.41	0.0832423
61.51	0.0831612
61.61	0.0830821
61.71	0.0830043
61.81	0.082927
61.91	0.0828493
62.01	0.0827701
62.11	0.0826882
62.21	0.0826026
62.31	0.0825122
62.41	0.0824162
62.51	0.0823139
62.61	0.0822049
62.71	0.0820892
62.81	0.081967
62.91	0.0818389
63.01	0.0817061
63.11	0.0815698
63.21	0.0814319
63.31	0.0812944
63.41	0.0811595
63.51	0.0810298
63.61	0.0809078
63.71	0.0807963
63.81	0.0806976
63.91	0.0806144
64.01	0.0805488
64.11	0.0805027
64.21	0.0804777
64.31	0.0804749
64.41	0.080495
64.51	0.0805383
64.61	0.0806043
64.71	0.0806923
64.81	0.0808009
64.91	0.0809285
65.01	0.0810728
65.11	0.0812313
65.21	0.0814011
65.31	0.0815791
65.41	0.0817622
65.51	0.0819469
65.61	0.0821299
65.71	0.0823078
65.81	0.0824775
65.91	0.0826358
66.01	0.08278
66.11	0.0829075
66.21	0.0830161
66.31	0.0831038
66.41	0.0831692
66.51	0.0832111
66.61	0.0832289
66.71	0.0832223
66.81	0.0831914
66.91	0.0831369
67.01	0.0830599
67.11	0.0829618
67.21	0.0828446
67.31	0.0827107
67.41	0.0825628
67.51	0.0824041
67.61	0.082238
67.71	0.0820684
67.81	0.0818993
67.91	0.081735
68.01	0.0815799
68.11	0.0814385
68.21	0.0813152
68.31	0.0812145
68.41	0.0811406
68.51	0.0810974
68.61	0.0810887
68.71	0.0811174
68.81	0.0811864
68.91	0.0812976
69.01	0.0814525
69.11	0.0816516
69.21	0.081895
69.31	0.0821816
69.41	0.0825099
69.51	0.0828773
69.61	0.0832806
69.71	0.0837159
69.81	0.0841784
69.91	0.084663
70.01	0.0851639
70.11	0.085675
70.21	0.0861899
70.31	0.0867018
70.41	0.0872043
70.51	0.0876904
70.61	0.0881538
70.71	0.0885882
70.81	0.0889876
70.91	0.0893466
71.01	0.0896604
71.11	0.0899246
71.21	0.0901355
71.31	0.0902904
71.41	0.0903869
71.51	0.0904237
71.61	0.0904003
71.71	0.0903168
71.81	0.0901742
71.91	0.0899743
72.01	0.0897197
72.11	0.0894134
72.2	0.0890969
72.3	0.0887038
72.4	0.0882719
72.5	0.0878067
72.6	0.0873141
72.7	0.0868
72.8	0.0862711
72.9	0.0857337
73	0.0851945
73.1	0.08466
73.2	0.0841366
73.3	0.0836304
73.4	0.0831471
73.5	0.0826921
73.6	0.0822702
73.7	0.0818855
73.8	0.0815418
73.9	0.0812418
74	0.0809875
74.1	0.0807805
74.2	0.0806211
74.3	0.0805093
74.4	0.0804442
74.5	0.0804241
74.6	0.0804468
74.7	0.0805097
74.8	0.0806094
74.9	0.0807424
75	0.0809048
75.1	0.0810926
75.2	0.0813015
75.3	0.0815275
75.4	0.0817666
75.5	0.0820147
75.6	0.0822682
75.7	0.0825237
75.8	0.0827781
75.9	0.0830286
76	0.0832729
76.1	0.0835088
76.2	0.0837346
76.3	0.0839489
76.4	0.0841505
76.5	0.0843386
76.6	0.0845125
76.7	0.0846717
76.8	0.0848159
76.9	0.0849449
77	0.0850587
77.1	0.0851571
77.2	0.0852403
77.3	0.0853083
77.4	0.0853614
77.5	0.0853998
77.6	0.0854237
77.7	0.0854337
77.8	0.0854302
77.9	0.0854137
78	0.0853852
78.1	0.0853453
78.2	0.0852951
78.3	0.0852357
78.4	0.0851684
78.5	0.0850944
78.6	0.0850153
78.7	0.0849323
78.8	0.0848472
78.9	0.0847614
79	0.0846764
79.1	0.0845936
79.2	0.0845144
79.3	0.08444
79.4	0.0843715
79.5	0.0843099
79.6	0.084256
79.7	0.0842103
79.8	0.0841733
79.9	0.0841453
80	0.0841264
80.1	0.0841164
80.2	0.0841153
80.3	0.0841226
80.4	0.084138
80.5	0.0841608
80.6	0.0841905
80.7	0.0842262
80.8	0.0842672
80.9	0.0843126
81	0.0843614
81.1	0.0844125
81.2	0.0844649
81.3	0.0845172
81.4	0.0845682
81.5	0.0846164
81.6	0.0846605
81.7	0.0846988
81.8	0.0847297
81.9	0.0847516
82	0.0847628
82.1	0.0847616
82.2	0.0847466
82.3	0.0847162
82.4	0.0846691
82.5	0.0846041
82.6	0.0845205
82.7	0.0844175
82.8	0.0842949
82.9	0.0841528
83	0.0839917
83.1	0.0838123
83.2	0.0836159
83.3	0.0834042
83.4	0.0831792
83.5	0.0829432
83.6	0.0826988
83.7	0.0824489
83.8	0.0821965
83.9	0.0819448
84	0.0816969
84.1	0.081456
84.2	0.081225
84.3	0.0810069
84.4	0.0808041
84.5	0.080619
84.6	0.0804534
84.7	0.0803089
84.8	0.0801865
84.9	0.0800871
85	0.0800106
85.1	0.0799571
85.2	0.0799259
85.3	0.0799159
85.4	0.079926
85.5	0.0799544
85.6	0.0799993
85.7	0.0800587
85.8	0.0801303
85.9	0.0802119
86	0.0803012
86.1	0.0803958
86.2	0.0804935
86.3	0.0805923
86.4	0.0806903
86.5	0.0807856
86.6	0.0808768
86.7	0.0809628
86.8	0.0810425
86.9	0.0811155
87	0.0811815
87.1	0.0812406
87.2	0.0812932
87.3	0.0813403
87.4	0.0813828
87.5	0.0814224
87.6	0.0814608
87.7	0.0815
87.8	0.0815424
87.9	0.0815902
88	0.0816462
88.1	0.0817127
88.2	0.0817924
88.3	0.0818877
88.4	0.0820008
88.5	0.0821337
88.6	0.0822879
88.7	0.0824646
88.8	0.0826645
88.9	0.0828876
89	0.0831336
89.1	0.0834012
89.2	0.0836888
89.3	0.083994
89.4	0.0843138
89.5	0.0846448
89.6	0.0849828
89.7	0.0853237
89.8	0.0856626
89.9	0.0859947
90	0.0863151
90.1	0.0866189
90.2	0.0869015
90.3	0.0871586
90.4	0.0873862
90.5	0.087581
90.6	0.0877404
90.7	0.0878624
90.8	0.0879457
90.9	0.08799
91	0.0879958
91.1	0.0879643
91.2	0.0878974
91.3	0.087798
91.4	0.0876694
91.5	0.0875155
91.6	0.0873404
91.7	0.0871488
91.8	0.0869455
91.9	0.0867352
92	0.0865226
92.1	0.0863121
92.2	0.0861078
92.3	0.0859136
92.4	0.0857324
92.5	0.0855669
92.6	0.0854191
92.7	0.0852903
92.8	0.0851809
92.9	0.085091
93	0.0850198
93.1	0.084966
93.2	0.0849278
93.3	0.0849027
93.4	0.0848879
93.5	0.0848806
93.6	0.0848773
93.7	0.0848747
93.8	0.0848693
93.9	0.084858
94	0.0848375
94.1	0.0848051
94.2	0.0847582
94.3	0.0846949
94.4	0.0846136
94.5	0.0845134
94.6	0.0843939
94.7	0.0842554
94.8	0.0840989
94.9	0.0839259
95	0.0837386
95.1	0.0835399
95.2	0.0833331
95.3	0.083122
95.4	0.0829108
95.5	0.0827039
95.6	0.082506
95.7	0.082322
95.8	0.0821563
95.9	0.0820135
96	0.0818977
96.1	0.0818127
96.2	0.0817615
96.3	0.0817466
96.4	0.0817696
96.5	0.0818315
96.6	0.081932
96.7	0.0820701
96.8	0.0822439
96.9	0.0824505
97	0.0826859
97.1	0.0829457
97.2	0.0832243
97.3	0.0835159
97.4	0.083814
97.5	0.0841118
97.6	0.0844024
97.7	0.084679
97.8	0.0849348
97.9	0.0851635
98	0.0853593
98.1	0.0855171
98.2	0.0856325
98.3	0.0857021
98.4	0.0857235
98.5	0.0856955
98.6	0.0856177
98.7	0.085491
98.8	0.0853173
98.9	0.0850998
99	0.0848421
99.1	0.0845493
99.2	0.0842268
99.3	0.0838807
99.4	0.0835176
99.5	0.0831446
99.6	0.0827688
99.7	0.0823972
99.8	0.0820369
99.9	0.0816947
