#t	<s0_z(t)*s0_z(0)>
0	0.291112
0.665144	0.291721
0.665144	0.291721
0.665144	0.291721
0.665144	0.291721
0.665144	0.291721
0.665144	0.291721
0.819825	0.313199
0.819825	0.313199
0.935266	0.313113
1.04414	0.311735
1.15175	0.309405
1.25915	0.306126
1.35915	0.301902
1.45915	0.297132
1.55915	0.291572
1.65915	0.285245
1.75915	0.278174
1.85915	0.270388
1.95915	0.261917
2.05915	0.252794
2.15915	0.243054
2.25915	0.232736
2.35915	0.221877
2.45915	0.21052
2.55915	0.198708
2.65915	0.186484
2.75915	0.173894
2.85915	0.160985
2.95915	0.147804
3.05915	0.134398
3.15915	0.120815
3.25915	0.107104
3.35915	0.0933114
3.45915	0.0794863
3.55915	0.0656756
3.65915	0.0519261
3.75915	0.0382837
3.85915	0.0247936
3.95915	0.0114998
4.05915	-0.0015549
4.15915	-0.0143289
4.25915	-0.0267821
4.35915	-0.0388757
4.45915	-0.0505727
4.55915	-0.0618378
4.65915	-0.0726371
4.75915	-0.0829388
4.85915	-0.0927128
4.95915	-0.101931
5.05915	-0.110567
5.15915	-0.118597
5.25915	-0.125998
5.35915	-0.13275
5.45915	-0.138835
5.55915	-0.144237
5.65915	-0.14894
5.75915	-0.152934
5.85915	-0.156207
5.95915	-0.158751
6.05915	-0.160561
6.15915	-0.161632
6.25915	-0.161962
6.35915	-0.161551
6.45915	-0.160401
6.55915	-0.158515
6.65915	-0.155899
6.75915	-0.152561
6.85915	-0.14851
6.95915	-0.143759
7.05915	-0.138321
7.15915	-0.132211
7.25915	-0.125446
7.35915	-0.118047
7.45915	-0.110033
7.55915	-0.101427
7.65915	-0.0922557
7.75915	-0.082544
7.85915	-0.0723205
7.95915	-0.0616152
8.05915	-0.0504598
8.15915	-0.0388875
8.25915	-0.0269333
8.35915	-0.0146334
8.45915	-0.00202578
8.55915	0.0108505
8.65915	0.0239548
8.75915	0.0372456
8.85915	0.05068
8.95915	0.0642143
9.05915	0.0778038
9.15915	0.0914032
9.25915	0.104966
9.35915	0.118447
9.45915	0.131798
9.55915	0.144973
9.65915	0.157925
9.75915	0.170607
9.85915	0.182973
9.95915	0.194977
10.0592	0.206575
10.1592	0.217723
10.2592	0.228377
10.3592	0.238497
10.4592	0.248043
10.5592	0.256976
10.6592	0.265262
10.7592	0.272866
10.8592	0.279758
10.9592	0.285907
11.0592	0.291289
11.1592	0.29588
11.2592	0.29966
11.3592	0.302612
11.4592	0.304723
11.5592	0.305981
11.6592	0.30638
11.7592	0.305916
11.8592	0.30459
11.9592	0.302405
12.0592	0.299367
12.1592	0.295489
12.2592	0.290783
12.3592	0.285267
12.4592	0.278962
12.5592	0.271892
12.6592	0.264083
12.7592	0.255566
12.8592	0.246373
12.9592	0.236538
13.0592	0.226101
13.1592	0.2151
13.2592	0.203577
13.3592	0.191575
13.4592	0.179141
13.5592	0.166319
13.6592	0.153158
13.7592	0.139706
13.8592	0.126012
13.9592	0.112125
14.0592	0.0980946
14.1592	0.0839711
14.2592	0.0698036
14.3592	0.0556411
14.4592	0.041532
14.5592	0.0275239
14.6592	0.0136636
14.7592	-3.38733e-06
14.8592	-0.0134326
14.9592	-0.026581
15.0592	-0.0394071
15.1592	-0.0518709
15.2592	-0.0639343
15.3592	-0.0755607
15.4592	-0.0867156
15.5592	-0.0973662
15.6592	-0.107482
15.7592	-0.117034
15.8592	-0.125996
15.9592	-0.134343
16.0592	-0.142052
16.1592	-0.149104
16.2592	-0.15548
16.3592	-0.161164
16.4592	-0.166141
16.5592	-0.170401
16.6592	-0.173933
16.7592	-0.176729
16.8592	-0.178784
16.9592	-0.180094
17.0592	-0.180657
17.1592	-0.180475
17.2592	-0.179548
17.3592	-0.177883
17.4592	-0.175484
17.5592	-0.17236
17.6592	-0.168522
17.7592	-0.163981
17.8592	-0.15875
17.9592	-0.152847
18.0592	-0.146287
18.1592	-0.139091
18.2592	-0.131278
18.3592	-0.122873
18.4592	-0.113899
18.5592	-0.104382
18.6592	-0.0943502
18.7592	-0.0838328
18.8592	-0.0728606
18.9592	-0.0614661
19.0592	-0.049683
19.1592	-0.0375467
19.2592	-0.0250939
19.3592	-0.0123626
19.4592	0.000608031
19.5592	0.0137776
19.6592	0.0271045
19.7592	0.0405465
19.8592	0.0540601
19.9592	0.0676013
20.0592	0.0811252
20.1592	0.0945866
20.2592	0.10794
20.3592	0.121139
20.4592	0.134137
20.5592	0.14689
20.6592	0.15935
20.7592	0.171473
20.8592	0.183214
20.9592	0.194528
21.0592	0.205374
21.1592	0.215708
21.2592	0.225491
21.3592	0.234683
21.4592	0.243247
21.5592	0.251149
21.6592	0.258354
21.7592	0.264832
21.8592	0.270555
21.9592	0.275498
22.0592	0.279637
22.1592	0.282952
22.2592	0.285428
22.3592	0.287051
22.4592	0.28781
22.5592	0.287699
22.6592	0.286715
22.7592	0.284859
22.8592	0.282133
22.9592	0.278547
23.0592	0.274111
23.1592	0.268839
23.2592	0.26275
23.3592	0.255866
23.4592	0.24821
23.5592	0.239811
23.6592	0.2307
23.7592	0.22091
23.8592	0.210479
23.9592	0.199444
24.0592	0.187847
24.1592	0.175731
24.2592	0.163142
24.3592	0.150125
24.4592	0.13673
24.5592	0.123006
24.6592	0.109002
24.7592	0.0947692
24.8592	0.0803595
24.9592	0.065824
25.0592	0.051214
25.1592	0.0365808
25.2592	0.021975
25.3592	0.00744662
25.4592	-0.00695525
25.5592	-0.0211825
25.6592	-0.0351883
25.7592	-0.0489272
25.8592	-0.0623552
25.9592	-0.07543
26.0592	-0.088111
26.1592	-0.10036
26.2592	-0.112139
26.3592	-0.123415
26.4592	-0.134155
26.5592	-0.144329
26.6592	-0.153907
26.7592	-0.162865
26.8592	-0.171178
26.9592	-0.178826
27.0592	-0.185789
27.1592	-0.192051
27.2592	-0.197596
27.3592	-0.202412
27.4592	-0.20649
27.5592	-0.209822
27.6592	-0.212401
27.7592	-0.214225
27.8592	-0.215291
27.9592	-0.215601
28.0592	-0.215157
28.1592	-0.213963
28.2592	-0.212027
28.3592	-0.209357
28.4592	-0.205964
28.5592	-0.201858
28.6592	-0.197056
28.7592	-0.191572
28.8592	-0.185424
28.9592	-0.178632
29.0592	-0.171215
29.1592	-0.163198
29.2592	-0.154604
29.3592	-0.145458
29.4592	-0.135788
29.5592	-0.125622
29.6592	-0.114991
29.7592	-0.103926
29.8592	-0.0924594
29.9592	-0.0806259
30.0592	-0.0684607
30.1592	-0.0560002
30.2592	-0.0432821
30.3592	-0.0303452
30.4592	-0.0172291
30.5592	-0.00397457
30.6592	0.00937704
30.7592	0.0227835
30.8592	0.0362019
30.9592	0.0495888
31.0592	0.0629004
31.1592	0.0760925
31.2592	0.0891208
31.3592	0.101941
31.4592	0.114508
31.5592	0.126779
31.6592	0.138709
31.7592	0.150256
31.8592	0.161377
31.9592	0.17203
32.0592	0.182175
32.1592	0.191772
32.2592	0.200785
32.3592	0.209176
32.4592	0.216911
32.5592	0.223959
32.6592	0.230287
32.7592	0.23587
32.8592	0.24068
32.9592	0.244696
33.0592	0.247898
33.1592	0.250268
33.2592	0.251792
33.3592	0.25246
33.4592	0.252264
33.5592	0.2512
33.6592	0.249267
33.7592	0.246468
33.8592	0.24281
33.9592	0.238302
34.0592	0.232957
34.1592	0.226792
34.2592	0.219827
34.3592	0.212085
34.4592	0.203594
34.5592	0.194382
34.6592	0.184482
34.7592	0.17393
34.8592	0.162764
34.9592	0.151024
35.0592	0.138752
35.1592	0.125994
35.2592	0.112796
35.3592	0.0992061
35.4592	0.0852732
35.5592	0.0710482
35.6592	0.0565821
35.7592	0.0419269
35.8592	0.0271347
35.9592	0.0122578
36.0592	-0.00265153
36.1592	-0.0175416
36.2592	-0.0323612
36.3592	-0.04706
36.4592	-0.0615884
36.5592	-0.0758983
36.6592	-0.0899428
36.7592	-0.103677
36.8592	-0.117056
36.9592	-0.130039
37.0592	-0.142586
37.1592	-0.154659
37.2592	-0.166223
37.3592	-0.177243
37.4592	-0.187688
37.5592	-0.197531
37.6592	-0.206743
37.7592	-0.215302
37.8592	-0.223184
37.9592	-0.230372
38.0592	-0.236848
38.1592	-0.242598
38.2592	-0.24761
38.3592	-0.251873
38.4592	-0.255382
38.5592	-0.25813
38.6592	-0.260116
38.7592	-0.261338
38.8592	-0.261798
38.9592	-0.2615
39.0592	-0.260449
39.1592	-0.258655
39.2592	-0.256125
39.3592	-0.252873
39.4592	-0.248911
39.5592	-0.244255
39.6592	-0.238922
39.7592	-0.23293
39.8592	-0.226301
39.9592	-0.219055
40.0592	-0.211217
40.1592	-0.202811
40.2592	-0.193863
40.3592	-0.184402
40.4592	-0.174456
40.5592	-0.164056
40.6592	-0.153233
40.7592	-0.14202
40.8592	-0.130451
40.9592	-0.118559
41.0592	-0.106383
41.1592	-0.093957
41.2592	-0.08132
41.3592	-0.0685102
41.4592	-0.0555666
41.5592	-0.0425292
41.6592	-0.0294384
41.7592	-0.016335
41.8592	-0.00326044
41.9592	0.00974371
42.0592	0.0226356
42.1592	0.0353733
42.2592	0.0479149
42.3592	0.0602186
42.4592	0.0722429
42.5592	0.0839465
42.6592	0.0952889
42.7592	0.10623
42.8592	0.116731
42.9592	0.126753
43.0592	0.13626
43.1592	0.145215
43.2592	0.153584
43.3592	0.161334
43.4592	0.168435
43.5592	0.174856
43.6592	0.180571
43.7592	0.185555
43.8592	0.189786
43.9592	0.193242
44.0592	0.195907
44.1592	0.197766
44.2592	0.198807
44.3592	0.19902
44.4592	0.198401
44.5592	0.196947
44.6592	0.194657
44.7592	0.191535
44.8592	0.187589
44.9592	0.182827
45.0592	0.177265
45.1592	0.170917
45.2592	0.163805
45.3592	0.15595
45.4592	0.147378
45.5592	0.138119
45.6592	0.128204
45.7592	0.117667
45.8592	0.106545
45.9592	0.0948766
46.0592	0.0827032
46.1592	0.0700681
46.2592	0.0570161
46.3592	0.0435936
46.4592	0.0298485
46.5592	0.0158296
46.6592	0.00158667
46.7592	-0.01283
46.8592	-0.0273696
46.9592	-0.0419813
47.0592	-0.0566143
47.1592	-0.0712179
47.2592	-0.0857423
47.3592	-0.100138
47.4592	-0.114357
47.5592	-0.128351
47.6592	-0.142076
47.7592	-0.155485
47.8592	-0.168537
47.9592	-0.181191
48.0592	-0.193407
48.1592	-0.205148
48.2592	-0.216379
48.3592	-0.227067
48.4592	-0.237182
48.5592	-0.246695
48.6592	-0.255581
48.7592	-0.263817
48.8592	-0.271381
48.9592	-0.278255
49.0592	-0.284423
49.1592	-0.289872
49.2592	-0.294591
49.3592	-0.29857
49.4592	-0.301805
49.5592	-0.30429
49.6592	-0.306025
49.7592	-0.30701
49.8592	-0.307248
49.9592	-0.306744
50.0592	-0.305506
50.1592	-0.303543
50.2592	-0.300865
50.3592	-0.297486
50.4592	-0.293422
50.5592	-0.288687
50.6592	-0.283302
50.7592	-0.277286
50.8592	-0.270661
50.9592	-0.26345
51.0592	-0.255676
51.1592	-0.247368
51.2592	-0.23855
51.3592	-0.229253
51.4592	-0.219505
51.5592	-0.209337
51.6592	-0.198782
51.7592	-0.187872
51.8592	-0.17664
51.9592	-0.165121
52.0592	-0.153351
52.1592	-0.141365
52.2592	-0.129201
52.3592	-0.116895
52.4592	-0.104485
52.5592	-0.0920098
52.6592	-0.0795077
52.7592	-0.0670176
52.8592	-0.0545783
52.9592	-0.042229
53.0592	-0.0300087
53.1592	-0.0179565
53.2592	-0.00611121
53.3592	0.0054888
53.4592	0.0168054
53.5592	0.027801
53.6592	0.0384388
53.7592	0.0486825
53.8592	0.058497
53.9592	0.0678478
54.0592	0.076702
54.1592	0.0850275
54.2592	0.092794
54.3592	0.0999724
54.4592	0.106535
54.5592	0.112457
54.6592	0.117715
54.7592	0.122285
54.8592	0.126151
54.9592	0.129292
55.0592	0.131696
55.1592	0.13335
55.2592	0.134242
55.3592	0.134367
55.4592	0.13372
55.5592	0.132298
55.6592	0.130103
55.7592	0.127138
55.8592	0.123411
55.9592	0.11893
56.0592	0.113708
56.1592	0.10776
56.2592	0.101105
56.3592	0.0937628
56.4592	0.0857571
56.5592	0.0771142
56.6592	0.0678626
56.7592	0.0580333
56.8592	0.0476597
56.9592	0.0367772
57.0592	0.0254232
57.1592	0.013637
57.2592	0.00145943
57.3592	-0.0110671
57.4592	-0.0238989
57.5592	-0.0369913
57.6592	-0.0502987
57.7592	-0.0637746
57.8592	-0.0773724
57.9592	-0.091045
58.0592	-0.104745
58.1592	-0.118426
58.2592	-0.132041
58.3592	-0.145544
58.4592	-0.15889
58.5592	-0.172033
58.6592	-0.184931
58.7592	-0.197542
58.8592	-0.209825
58.9592	-0.221741
59.0592	-0.233252
59.1592	-0.244322
59.2592	-0.254918
59.3592	-0.265009
59.4592	-0.274563
59.5592	-0.283555
59.6592	-0.291958
59.7592	-0.29975
59.8592	-0.30691
59.9592	-0.313421
60.0592	-0.319265
60.1592	-0.324429
60.2592	-0.328903
60.3592	-0.332677
60.4592	-0.335746
60.5592	-0.338104
60.6592	-0.339751
60.7592	-0.340686
60.8592	-0.340913
60.9592	-0.340435
61.0592	-0.33926
61.1592	-0.337397
61.2592	-0.334856
61.3592	-0.33165
61.4592	-0.327794
61.5592	-0.323305
61.6592	-0.318199
61.7592	-0.312497
61.8592	-0.306221
61.9592	-0.299392
62.0592	-0.292034
62.1592	-0.284174
62.2592	-0.275838
62.3592	-0.267053
62.4592	-0.25785
62.5592	-0.248256
62.6592	-0.238304
62.7592	-0.228026
62.8592	-0.217454
62.9592	-0.206621
63.0592	-0.195561
63.1592	-0.184309
63.2592	-0.172901
63.3592	-0.161371
63.4592	-0.149756
63.5592	-0.138091
63.6592	-0.126414
63.7592	-0.114759
63.8592	-0.103165
63.9592	-0.0916675
64.0592	-0.0803022
64.1592	-0.0691055
64.2592	-0.0581129
64.3592	-0.0473596
64.4592	-0.0368803
64.5592	-0.0267091
64.6592	-0.0168791
64.7592	-0.00742287
64.8592	0.00162811
64.9592	0.0102434
65.0592	0.0183937
65.1592	0.0260508
65.2592	0.0331883
65.3592	0.0397807
65.4592	0.0458044
65.5592	0.0512374
65.6592	0.0560595
65.7592	0.0602522
65.8592	0.0637991
65.9592	0.0666857
66.0592	0.0688998
66.1592	0.0704311
66.2592	0.0712718
66.3592	0.0714164
66.4592	0.0708615
66.5592	0.0696064
66.6592	0.0676527
66.7592	0.0650044
66.8592	0.0616682
66.9592	0.057653
67.0592	0.0529703
67.1592	0.0476341
67.2592	0.0416607
67.3592	0.0350688
67.4592	0.0278795
67.5592	0.020116
67.6592	0.0118037
67.7592	0.00297017
67.8592	-0.00635515
67.9592	-0.0161409
68.0592	-0.0263541
68.1592	-0.0369601
68.2592	-0.0479227
68.3592	-0.0592044
68.4592	-0.0707668
68.5592	-0.0825701
68.6592	-0.094574
68.7592	-0.106737
68.8592	-0.119019
68.9592	-0.131376
69.0592	-0.143767
69.1592	-0.15615
69.2592	-0.168483
69.3592	-0.180725
69.4592	-0.192834
69.5592	-0.20477
69.6592	-0.216495
69.7592	-0.227969
69.8592	-0.239156
69.9592	-0.250018
70.0592	-0.260523
70.1592	-0.270636
70.2592	-0.280326
70.3592	-0.289564
70.4592	-0.298321
70.5592	-0.306571
70.6592	-0.31429
70.7592	-0.321457
70.8592	-0.328051
70.9592	-0.334054
71.0592	-0.339451
71.1592	-0.344227
71.2592	-0.348372
71.3592	-0.351876
71.4592	-0.354732
71.5592	-0.356935
71.6592	-0.358483
71.7592	-0.359374
71.8592	-0.359609
71.9592	-0.359194
72.0592	-0.358132
72.1592	-0.356431
72.2592	-0.354101
72.3592	-0.351153
72.4592	-0.3476
72.5592	-0.343456
72.6592	-0.338738
72.7592	-0.333464
72.8592	-0.327654
72.9592	-0.321327
73.0592	-0.314508
73.1592	-0.307219
73.2592	-0.299486
73.3592	-0.291334
73.4592	-0.282791
73.5592	-0.273885
73.6592	-0.264646
73.7592	-0.255103
73.8592	-0.245286
73.9592	-0.235229
74.0592	-0.224963
74.1592	-0.21452
74.2592	-0.203934
74.3592	-0.193238
74.4592	-0.182466
74.5592	-0.171652
74.6592	-0.16083
74.7592	-0.150035
74.8592	-0.1393
74.9592	-0.12866
75.0592	-0.118148
75.1592	-0.107798
75.2592	-0.0976427
75.3592	-0.0877143
75.4592	-0.078045
75.5592	-0.068666
75.6592	-0.0596076
75.7592	-0.0508995
75.8592	-0.0425701
75.9592	-0.0346469
76.0592	-0.0271564
76.1592	-0.0201236
76.2592	-0.0135722
76.3592	-0.00752452
76.4592	-0.00200147
76.5592	0.00297776
76.6592	0.00739561
76.7592	0.0112363
76.8592	0.0144857
76.9592	0.0171318
77.0592	0.0191644
77.1592	0.0205752
77.2592	0.0213581
77.3592	0.0215091
77.4592	0.0210262
77.5592	0.0199095
77.6592	0.0181614
77.7592	0.0157863
77.8592	0.012791
77.9592	0.00918434
78.0592	0.00497723
78.1592	0.00018279
78.2592	-0.00518379
78.3592	-0.0111053
78.4592	-0.0175625
78.5592	-0.0245343
78.6592	-0.0319977
78.7592	-0.039928
78.8592	-0.0482988
78.9592	-0.057082
79.0592	-0.0662483
79.1592	-0.0757666
79.2592	-0.0856051
79.3592	-0.0957305
79.4592	-0.106108
79.5592	-0.116704
79.6592	-0.127482
79.7592	-0.138405
79.8592	-0.149437
79.9592	-0.16054
80.0592	-0.171678
80.1592	-0.182813
80.2592	-0.193908
80.3592	-0.204926
80.4592	-0.215831
80.5592	-0.226587
80.6592	-0.237159
80.7592	-0.247512
80.8592	-0.257613
80.9592	-0.26743
81.0592	-0.276931
81.1592	-0.286086
81.2592	-0.294866
81.3592	-0.303245
81.4592	-0.311197
81.5592	-0.318697
81.6592	-0.325723
81.7592	-0.332255
81.8592	-0.338273
81.9592	-0.34376
82.0592	-0.348702
82.1592	-0.353085
82.2592	-0.356897
82.3592	-0.360128
82.4592	-0.362772
82.5592	-0.364823
82.6592	-0.366276
82.7592	-0.36713
82.8592	-0.367385
82.9592	-0.367043
83.0592	-0.366108
83.1592	-0.364585
83.2592	-0.362482
83.3592	-0.359808
83.4592	-0.356574
83.5592	-0.352792
83.6592	-0.348477
83.7592	-0.343644
83.8592	-0.33831
83.9592	-0.332494
84.0592	-0.326216
84.1592	-0.319497
84.2592	-0.31236
84.3592	-0.304829
84.4592	-0.296927
84.5592	-0.288682
84.6592	-0.28012
84.7592	-0.271268
84.8592	-0.262156
84.9592	-0.252812
85.0592	-0.243266
85.1592	-0.233549
85.2592	-0.223692
85.3592	-0.213727
85.4592	-0.203684
85.5592	-0.193596
85.6592	-0.183495
85.7592	-0.173413
85.8592	-0.163382
85.9592	-0.153434
86.0592	-0.143602
86.1592	-0.133916
86.2592	-0.124408
86.3592	-0.115108
86.4592	-0.106046
86.5592	-0.0972519
86.6592	-0.0887542
86.7592	-0.0805805
86.8592	-0.0727576
86.9592	-0.0653114
87.0592	-0.0582665
87.1592	-0.0516463
87.2592	-0.0454729
87.3592	-0.0397671
87.4592	-0.0345483
87.5592	-0.0298342
87.6592	-0.025641
87.7592	-0.0219833
87.8592	-0.0188738
87.9592	-0.0163235
88.0592	-0.0143418
88.1592	-0.0129358
88.2592	-0.0121109
88.3592	-0.0118707
88.4592	-0.0122166
88.5592	-0.013148
88.6592	-0.0146626
88.7592	-0.0167559
88.8592	-0.0194212
88.9592	-0.0226503
89.0592	-0.0264327
89.1592	-0.030756
89.2592	-0.0356061
89.3592	-0.0409669
89.4592	-0.0468207
89.5592	-0.0531479
89.6592	-0.0599273
89.7592	-0.0671362
89.8592	-0.0747505
89.9592	-0.0827444
90.0592	-0.0910912
90.1592	-0.0997628
90.2592	-0.10873
90.3592	-0.117963
90.4592	-0.12743
90.5592	-0.1371
90.6592	-0.14694
90.7592	-0.156918
90.8592	-0.167001
90.9592	-0.177154
91.0592	-0.187345
91.1592	-0.19754
91.2592	-0.207705
91.3592	-0.217807
91.4592	-0.227814
91.5592	-0.237693
91.6592	-0.247413
91.7592	-0.256941
91.8592	-0.266249
91.9592	-0.275306
92.0592	-0.284085
92.1592	-0.292558
92.2592	-0.300698
92.3592	-0.308482
92.4592	-0.315884
92.5592	-0.322884
92.6592	-0.32946
92.7592	-0.335594
92.8592	-0.341266
92.9592	-0.346462
93.0592	-0.351166
93.1592	-0.355365
93.2592	-0.359049
93.3592	-0.362207
93.4592	-0.364831
93.5592	-0.366916
93.6592	-0.368457
93.7592	-0.36945
93.8592	-0.369895
93.9592	-0.369792
94.0592	-0.369144
94.1592	-0.367953
94.2592	-0.366226
94.3592	-0.363969
94.4592	-0.361191
94.5592	-0.357903
94.6592	-0.354114
94.7592	-0.349839
94.8592	-0.345093
94.9592	-0.33989
95.0592	-0.334247
95.1592	-0.328184
95.2592	-0.32172
95.3592	-0.314875
95.4592	-0.307671
95.5592	-0.300132
95.6592	-0.29228
95.7592	-0.284142
95.8592	-0.275741
95.9592	-0.267106
96.0592	-0.258262
96.1592	-0.249238
96.2592	-0.240062
96.3592	-0.230764
96.4592	-0.221371
96.5592	-0.211914
96.6592	-0.202423
96.7592	-0.192927
96.8592	-0.183457
96.9592	-0.174043
97.0592	-0.164715
97.1592	-0.155503
97.2592	-0.146436
97.3592	-0.137543
97.4592	-0.128855
97.5592	-0.120397
97.6592	-0.112199
97.7592	-0.104287
97.8592	-0.0966875
97.9592	-0.089425
98.0592	-0.0825239
98.1592	-0.0760073
98.2592	-0.0698971
98.3592	-0.0642137
98.4592	-0.0589766
98.5592	-0.0542036
98.6592	-0.049911
98.7592	-0.0461136
98.8592	-0.0428247
98.9592	-0.0400557
99.0592	-0.0378165
99.1592	-0.036115
99.2592	-0.0349574
99.3592	-0.034348
99.4592	-0.0342894
99.5592	-0.034782
99.6592	-0.0358246
99.7592	-0.0374139
99.8592	-0.0395448
99.9592	-0.0422102
