#t	<s0_z(t)*s0_z(0)>
0	0.521949
0.01	0.521853
0.02	0.520882
0.03	0.51988
0.04	0.518848
0.05	0.517785
0.06	0.516692
0.07	0.515569
0.08	0.514416
0.09	0.513234
0.11	0.510782
0.12	0.509513
0.13	0.508216
0.14	0.50689
0.15	0.505537
0.15	0.505537
0.16	0.504156
0.17	0.502748
0.18	0.501313
0.19	0.499851
0.2	0.498363
0.21	0.496849
0.22	0.495309
0.23	0.493743
0.24	0.492152
0.25	0.490537
0.26	0.488897
0.27	0.487233
0.28	0.485546
0.29	0.483835
0.3	0.4821
0.31	0.480344
0.32	0.478564
0.33	0.476763
0.34	0.47494
0.35	0.473096
0.36	0.471231
0.37	0.469346
0.38	0.46744
0.39	0.465515
0.4	0.46357
0.41	0.461606
0.42	0.459624
0.43	0.457624
0.44	0.455606
0.45	0.45357
0.46	0.451518
0.47	0.449449
0.48	0.447364
0.49	0.445263
0.5	0.443148
0.51	0.441017
0.52	0.438872
0.53	0.436712
0.54	0.43454
0.55	0.432354
0.56	0.430155
0.57	0.427945
0.58	0.425722
0.59	0.423488
0.6	0.421243
0.61	0.418988
0.62	0.416722
0.63	0.414447
0.64	0.412163
0.65	0.40987
0.66	0.407569
0.67	0.40526
0.68	0.402944
0.69	0.400621
0.7	0.398291
0.71	0.395956
0.72	0.393615
0.73	0.391269
0.74	0.388918
0.75	0.386563
0.76	0.384204
0.77	0.381843
0.78	0.379478
0.79	0.377111
0.8	0.374742
0.81	0.372372
0.82	0.370001
0.83	0.367629
0.84	0.365258
0.85	0.362886
0.86	0.360516
0.87	0.358147
0.88	0.35578
0.89	0.353415
0.9	0.351052
0.91	0.348693
0.92	0.346338
0.93	0.343986
0.94	0.341639
0.95	0.339297
0.96	0.33696
0.97	0.334629
0.98	0.332304
0.99	0.329986
1	0.327675
1.01	0.325372
1.02	0.323077
1.03	0.32079
1.04	0.318512
1.05	0.316243
1.06	0.313984
1.07	0.311735
1.08	0.309496
1.09	0.307269
1.1	0.305052
1.11	0.302848
1.12	0.300656
1.13	0.298476
1.14	0.29631
1.15	0.294156
1.16	0.292017
1.17	0.289891
1.18	0.28778
1.19	0.285685
1.2	0.283604
1.21	0.281539
1.22	0.27949
1.23	0.277458
1.24	0.275442
1.25	0.273444
1.26	0.271463
1.27	0.2695
1.28	0.267555
1.29	0.265629
1.3	0.263721
1.31	0.261833
1.32	0.259964
1.33	0.258116
1.34	0.256287
1.35	0.254479
1.36	0.252692
1.37	0.250926
1.38	0.249181
1.39	0.247458
1.4	0.245758
1.41	0.244079
1.42	0.242423
1.43	0.24079
1.44	0.239181
1.45	0.237594
1.46	0.236032
1.47	0.234493
1.48	0.232978
1.49	0.231488
1.5	0.230023
1.51	0.228583
1.52	0.227167
1.53	0.225778
1.54	0.224413
1.55	0.223075
1.56	0.221762
1.57	0.220476
1.58	0.219216
1.59	0.217983
1.6	0.216777
1.61	0.215597
1.62	0.214445
1.63	0.21332
1.64	0.212222
1.65	0.211152
1.66	0.21011
1.67	0.209096
1.68	0.20811
1.69	0.207152
1.7	0.206222
1.71	0.20532
1.72	0.204447
1.73	0.203603
1.74	0.202788
1.75	0.202001
1.76	0.201243
1.77	0.200514
1.78	0.199814
1.79	0.199143
1.8	0.198502
1.81	0.197889
1.82	0.197306
1.83	0.196752
1.84	0.196228
1.85	0.195732
1.86	0.195267
1.87	0.19483
1.88	0.194423
1.89	0.194045
1.9	0.193697
1.91	0.193378
1.92	0.193088
1.93	0.192828
1.94	0.192597
1.95	0.192395
1.96	0.192223
1.97	0.192079
1.98	0.191965
1.99	0.19188
2	0.191823
2.01	0.191796
2.02	0.191797
2.03	0.191827
2.04	0.191886
2.05	0.191973
2.06	0.192088
2.07	0.192232
2.09	0.192604
2.1	0.192832
2.11	0.193088
2.12	0.193371
2.13	0.193681
2.14	0.194019
2.15	0.194384
2.16	0.194776
2.17	0.195195
2.18	0.19564
2.19	0.196112
2.2	0.19661
2.21	0.197134
2.22	0.197684
2.23	0.198259
2.24	0.19886
2.25	0.199486
2.26	0.200136
2.27	0.200812
2.28	0.201512
2.29	0.202236
2.3	0.202984
2.31	0.203756
2.32	0.204551
2.33	0.205369
2.34	0.206211
2.35	0.207075
2.36	0.207961
2.37	0.208869
2.38	0.209799
2.39	0.210751
2.4	0.211724
2.41	0.212717
2.42	0.213732
2.43	0.214766
2.44	0.215821
2.45	0.216895
2.46	0.217988
2.47	0.2191
2.48	0.220231
2.49	0.221381
2.5	0.222548
2.51	0.223733
2.52	0.224935
2.53	0.226154
2.54	0.22739
2.55	0.228641
2.56	0.229909
2.57	0.231192
2.58	0.232491
2.59	0.233804
2.6	0.235131
2.61	0.236473
2.62	0.237828
2.63	0.239196
2.64	0.240577
2.65	0.241971
2.66	0.243377
2.67	0.244794
2.68	0.246223
2.69	0.247663
2.7	0.249113
2.71	0.250573
2.72	0.252044
2.73	0.253523
2.74	0.255011
2.75	0.256508
2.76	0.258013
2.77	0.259526
2.78	0.261046
2.79	0.262573
2.8	0.264106
2.81	0.265645
2.82	0.267191
2.83	0.268741
2.84	0.270296
2.85	0.271856
2.86	0.27342
2.87	0.274987
2.88	0.276557
2.89	0.278131
2.9	0.279706
2.91	0.281284
2.92	0.282863
2.93	0.284444
2.94	0.286025
2.95	0.287606
2.96	0.289188
2.97	0.290769
2.98	0.292349
2.99	0.293928
3	0.295505
3.01	0.29708
3.02	0.298652
3.03	0.300222
3.04	0.301788
3.05	0.303351
3.06	0.30491
3.07	0.306464
3.08	0.308013
3.09	0.309558
3.1	0.311096
3.11	0.312629
3.12	0.314155
3.13	0.315674
3.14	0.317187
3.15	0.318692
3.16	0.320189
3.17	0.321677
3.18	0.323158
3.19	0.324629
3.2	0.326091
3.21	0.327543
3.22	0.328986
3.23	0.330418
3.24	0.331839
3.25	0.33325
3.26	0.334649
3.27	0.336036
3.28	0.337411
3.29	0.338774
3.3	0.340125
3.31	0.341462
3.32	0.342787
3.33	0.344097
3.34	0.345394
3.35	0.346677
3.36	0.347945
3.37	0.349198
3.38	0.350437
3.39	0.35166
3.4	0.352868
3.41	0.354059
3.42	0.355235
3.43	0.356394
3.44	0.357537
3.45	0.358663
3.46	0.359772
3.47	0.360863
3.48	0.361937
3.49	0.362993
3.5	0.364031
3.51	0.365051
3.52	0.366052
3.53	0.367035
3.54	0.367999
3.55	0.368944
3.56	0.369869
3.57	0.370776
3.58	0.371662
3.59	0.372529
3.6	0.373376
3.61	0.374203
3.62	0.37501
3.63	0.375796
3.64	0.376562
3.65	0.377307
3.66	0.378031
3.67	0.378734
3.68	0.379417
3.69	0.380078
3.7	0.380718
3.71	0.381336
3.72	0.381933
3.73	0.382509
3.74	0.383063
3.75	0.383595
3.76	0.384105
3.77	0.384594
3.78	0.38506
3.79	0.385505
3.8	0.385928
3.81	0.386328
3.82	0.386707
3.83	0.387063
3.84	0.387398
3.85	0.38771
3.86	0.388
3.87	0.388267
3.88	0.388513
3.89	0.388736
3.9	0.388937
3.91	0.389116
3.92	0.389273
3.93	0.389408
3.94	0.389521
3.95	0.389611
3.96	0.38968
3.97	0.389727
3.98	0.389752
3.99	0.389755
4	0.389736
4.01	0.389696
4.02	0.389634
4.03	0.38955
4.04	0.389445
4.05	0.389319
4.06	0.389171
4.07	0.389003
4.08	0.388813
4.09	0.388603
4.1	0.388371
4.11	0.388119
4.12	0.387846
4.13	0.387553
4.14	0.38724
4.15	0.386907
4.16	0.386553
4.17	0.38618
4.18	0.385787
4.19	0.385375
4.2	0.384944
4.21	0.384493
4.22	0.384023
4.23	0.383534
4.24	0.383027
4.25	0.382501
4.26	0.381958
4.27	0.381396
4.28	0.380816
4.29	0.380219
4.3	0.379604
4.31	0.378972
4.32	0.378323
4.33	0.377657
4.34	0.376975
4.35	0.376276
4.36	0.375561
4.37	0.374831
4.38	0.374085
4.39	0.373323
4.4	0.372546
4.41	0.371755
4.42	0.370949
4.43	0.370128
4.44	0.369293
4.45	0.368445
4.46	0.367583
4.47	0.366707
4.48	0.365819
4.49	0.364917
4.5	0.364003
4.51	0.363077
4.52	0.362139
4.53	0.361189
4.54	0.360228
4.55	0.359255
4.56	0.358272
4.57	0.357278
4.58	0.356274
4.59	0.35526
4.6	0.354236
4.61	0.353203
4.62	0.352161
4.63	0.35111
4.64	0.35005
4.65	0.348982
4.66	0.347907
4.67	0.346823
4.68	0.345732
4.69	0.344635
4.7	0.34353
4.71	0.342419
4.72	0.341303
4.73	0.34018
4.74	0.339052
4.75	0.337918
4.76	0.33678
4.77	0.335637
4.78	0.33449
4.79	0.333339
4.8	0.332184
4.81	0.331026
4.82	0.329865
4.83	0.328702
4.84	0.327535
4.85	0.326367
4.86	0.325197
4.87	0.324026
4.88	0.322853
4.89	0.321679
4.9	0.320505
4.91	0.31933
4.92	0.318156
4.93	0.316982
4.94	0.315808
4.95	0.314636
4.96	0.313464
4.97	0.312294
4.98	0.311126
4.99	0.30996
5	0.308797
5.01	0.307636
5.02	0.306478
5.03	0.305323
5.04	0.304172
5.05	0.303025
5.06	0.301882
5.07	0.300743
5.08	0.299609
5.09	0.29848
5.1	0.297357
5.11	0.296238
5.12	0.295126
5.13	0.294019
5.14	0.292919
5.15	0.291825
5.16	0.290739
5.17	0.289659
5.18	0.288587
5.19	0.287522
5.2	0.286465
5.21	0.285416
5.22	0.284376
5.23	0.283344
5.24	0.282321
5.25	0.281307
5.26	0.280302
5.27	0.279307
5.28	0.278322
5.29	0.277346
5.3	0.276381
5.31	0.275426
5.32	0.274482
5.33	0.273549
5.34	0.272626
5.35	0.271715
5.36	0.270815
5.37	0.269927
5.38	0.269051
5.39	0.268187
5.4	0.267335
5.41	0.266495
5.42	0.265668
5.43	0.264854
5.44	0.264052
5.45	0.263264
5.46	0.262488
5.47	0.261726
5.48	0.260978
5.49	0.260243
5.5	0.259522
5.51	0.258816
5.52	0.258123
5.53	0.257444
5.54	0.25678
5.55	0.25613
5.56	0.255495
5.57	0.254874
5.58	0.254269
5.59	0.253678
5.6	0.253102
5.61	0.252542
5.62	0.251996
5.63	0.251466
5.64	0.250951
5.65	0.250452
5.66	0.249968
5.67	0.2495
5.68	0.249048
5.69	0.248611
5.7	0.24819
5.71	0.247785
5.72	0.247395
5.73	0.247022
5.74	0.246665
5.75	0.246323
5.76	0.245998
5.77	0.245688
5.78	0.245395
5.79	0.245118
5.8	0.244856
5.81	0.244611
5.82	0.244382
5.83	0.244169
5.84	0.243972
5.85	0.243791
5.86	0.243626
5.87	0.243477
5.88	0.243343
5.89	0.243226
5.9	0.243125
5.91	0.243039
5.92	0.242969
5.93	0.242915
5.94	0.242877
5.95	0.242854
5.96	0.242847
5.97	0.242855
5.98	0.242878
5.99	0.242917
6	0.242971
6.01	0.24304
6.02	0.243124
6.03	0.243223
6.04	0.243337
6.05	0.243465
6.06	0.243608
6.07	0.243766
6.08	0.243937
6.09	0.244123
6.1	0.244323
6.11	0.244537
6.12	0.244764
6.13	0.245005
6.14	0.24526
6.15	0.245528
6.16	0.245809
6.17	0.246103
6.18	0.24641
6.19	0.246729
6.2	0.247061
6.21	0.247405
6.22	0.247762
6.23	0.24813
6.24	0.24851
6.25	0.248901
6.26	0.249304
6.27	0.249718
6.28	0.250142
6.29	0.250577
6.3	0.251023
6.31	0.251479
6.32	0.251945
6.33	0.252421
6.34	0.252906
6.35	0.253401
6.36	0.253905
6.37	0.254417
6.38	0.254938
6.39	0.255468
6.4	0.256006
6.41	0.256551
6.42	0.257104
6.43	0.257664
6.44	0.258232
6.45	0.258806
6.46	0.259387
6.47	0.259974
6.48	0.260567
6.49	0.261166
6.5	0.26177
6.51	0.262379
6.52	0.262993
6.53	0.263612
6.54	0.264235
6.55	0.264863
6.56	0.265493
6.57	0.266128
6.58	0.266765
6.59	0.267406
6.6	0.268048
6.61	0.268693
6.62	0.269341
6.63	0.269989
6.64	0.270639
6.65	0.27129
6.66	0.271942
6.67	0.272595
6.68	0.273247
6.69	0.273899
6.7	0.274551
6.71	0.275202
6.72	0.275852
6.73	0.2765
6.74	0.277147
6.75	0.277792
6.76	0.278434
6.77	0.279074
6.78	0.279711
6.79	0.280344
6.8	0.280974
6.81	0.2816
6.82	0.282222
6.83	0.282839
6.84	0.283452
6.85	0.284059
6.86	0.284661
6.87	0.285257
6.88	0.285847
6.89	0.286431
6.9	0.287008
6.91	0.287579
6.92	0.288142
6.93	0.288697
6.94	0.289245
6.95	0.289784
6.96	0.290315
6.97	0.290837
6.98	0.29135
6.99	0.291854
7	0.292349
7.01	0.292833
7.02	0.293308
7.03	0.293771
7.04	0.294225
7.05	0.294667
7.06	0.295098
7.07	0.295517
7.08	0.295925
7.09	0.29632
7.1	0.296704
7.11	0.297074
7.12	0.297432
7.13	0.297777
7.14	0.298108
7.15	0.298426
7.16	0.29873
7.17	0.29902
7.18	0.299296
7.19	0.299557
7.2	0.299804
7.21	0.300035
7.22	0.300252
7.23	0.300453
7.24	0.300638
7.25	0.300808
7.26	0.300962
7.27	0.301099
7.28	0.30122
7.29	0.301325
7.3	0.301412
7.31	0.301483
7.32	0.301537
7.33	0.301573
7.34	0.301592
7.35	0.301594
7.36	0.301578
7.37	0.301543
7.38	0.301491
7.39	0.301421
7.4	0.301332
7.41	0.301225
7.42	0.301099
7.43	0.300954
7.44	0.300791
7.45	0.300609
7.46	0.300408
7.47	0.300188
7.48	0.299948
7.49	0.29969
7.5	0.299412
7.51	0.299114
7.52	0.298797
7.53	0.29846
7.54	0.298104
7.55	0.297729
7.56	0.297333
7.57	0.296918
7.58	0.296483
7.59	0.296028
7.6	0.295553
7.61	0.295059
7.62	0.294544
7.63	0.29401
7.64	0.293456
7.65	0.292882
7.66	0.292288
7.67	0.291674
7.68	0.291041
7.69	0.290388
7.7	0.289715
7.71	0.289023
7.72	0.28831
7.73	0.287579
7.74	0.286827
7.75	0.286057
7.76	0.285267
7.77	0.284457
7.78	0.283629
7.79	0.282781
7.8	0.281915
7.81	0.281029
7.82	0.280125
7.83	0.279202
7.84	0.27826
7.85	0.2773
7.86	0.276322
7.87	0.275325
7.88	0.274311
7.89	0.273278
7.9	0.272228
7.91	0.271161
7.92	0.270075
7.93	0.268973
7.94	0.267854
7.95	0.266718
7.96	0.265565
7.97	0.264395
7.98	0.26321
7.99	0.262008
8	0.260791
8.01	0.259557
8.02	0.258309
8.03	0.257045
8.04	0.255766
8.05	0.254472
8.06	0.253164
8.07	0.251841
8.08	0.250505
8.09	0.249155
8.1	0.247791
8.11	0.246414
8.12	0.245024
8.13	0.243621
8.14	0.242206
8.15	0.240778
8.16	0.239339
8.17	0.237888
8.18	0.236426
8.19	0.234952
8.2	0.233468
8.21	0.231974
8.22	0.230469
8.23	0.228955
8.24	0.227431
8.25	0.225898
8.26	0.224356
8.27	0.222806
8.28	0.221247
8.29	0.21968
8.3	0.218106
8.31	0.216525
8.32	0.214937
8.33	0.213342
8.34	0.211741
8.35	0.210134
8.36	0.208521
8.37	0.206904
8.38	0.205281
8.39	0.203655
8.4	0.202024
8.41	0.200389
8.42	0.198751
8.43	0.19711
8.44	0.195466
8.45	0.19382
8.46	0.192172
8.47	0.190522
8.48	0.188871
8.49	0.187219
8.5	0.185567
8.51	0.183915
8.52	0.182263
8.53	0.180612
8.54	0.178962
8.55	0.177313
8.56	0.175666
8.57	0.174021
8.58	0.172379
8.59	0.170739
8.6	0.169103
8.61	0.16747
8.62	0.165842
8.63	0.164218
8.64	0.162599
8.65	0.160985
8.66	0.159376
8.67	0.157774
8.68	0.156177
8.69	0.154588
8.7	0.153005
8.71	0.15143
8.72	0.149862
8.73	0.148303
8.74	0.146753
8.75	0.145211
8.76	0.143678
8.77	0.142155
8.78	0.140642
8.79	0.13914
8.8	0.137648
8.81	0.136167
8.82	0.134698
8.83	0.13324
8.84	0.131795
8.85	0.130362
8.86	0.128941
8.87	0.127534
8.88	0.126141
8.89	0.124761
8.9	0.123396
8.91	0.122045
8.92	0.120709
8.93	0.119388
8.94	0.118083
8.95	0.116793
8.96	0.11552
8.97	0.114263
8.98	0.113023
8.99	0.1118
9	0.110595
9.01	0.109407
9.02	0.108237
9.03	0.107086
9.04	0.105953
9.05	0.104839
9.06	0.103744
9.07	0.102669
9.08	0.101613
9.09	0.100578
9.1	0.0995625
9.11	0.0985679
9.12	0.0975941
9.13	0.0966413
9.14	0.0957099
9.15	0.0948001
9.16	0.0939121
9.17	0.0930462
9.18	0.0922026
9.19	0.0913815
9.2	0.0905832
9.21	0.0898078
9.22	0.0890557
9.23	0.088327
9.24	0.0876219
9.25	0.0869407
9.26	0.0862834
9.27	0.0856504
9.28	0.0850418
9.29	0.0844578
9.3	0.0838985
9.31	0.0833642
9.32	0.0828549
9.33	0.082371
9.34	0.0819124
9.35	0.0814794
9.36	0.0810721
9.37	0.0806907
9.38	0.0803353
9.39	0.080006
9.4	0.079703
9.41	0.0794262
9.42	0.079176
9.43	0.0789524
9.44	0.0787554
9.45	0.0785852
9.46	0.0784419
9.47	0.0783255
9.48	0.0782361
9.49	0.0781739
9.5	0.0781387
9.51	0.0781309
9.52	0.0781503
9.53	0.078197
9.54	0.0782711
9.55	0.0783726
9.56	0.0785015
9.57	0.0786579
9.58	0.0788418
9.59	0.0790532
9.6	0.0792921
9.61	0.0795584
9.62	0.0798523
9.63	0.0801737
9.64	0.0805225
9.65	0.0808987
9.66	0.0813024
9.67	0.0817335
9.68	0.0821918
9.69	0.0826775
9.7	0.0831904
9.71	0.0837305
9.72	0.0842977
9.73	0.0848919
9.74	0.0855131
9.75	0.0861611
9.76	0.086836
9.77	0.0875375
9.78	0.0882656
9.79	0.0890202
9.8	0.0898011
9.81	0.0906083
9.82	0.0914416
9.83	0.0923009
9.84	0.093186
9.85	0.0940968
9.86	0.0950332
9.87	0.0959949
9.88	0.0969819
9.89	0.097994
9.9	0.0990309
9.91	0.100093
9.92	0.101179
9.93	0.102289
9.94	0.103424
9.95	0.104582
9.96	0.105765
9.97	0.10697
9.98	0.1082
9.99	0.109452
10	0.110727
