0	0.140717
1	0.139317
2	0.137931
3	0.136558
4	0.1352
5	0.133854
6	0.132522
7	0.131204
8	0.129898
9	0.128606
10	0.127326
11	0.126059
12	0.124805
13	0.123563
14	0.122334
15	0.121116
16	0.119911
17	0.118718
18	0.117537
19	0.116367
20	0.115209
21	0.114063
22	0.112928
23	0.111805
24	0.110692
25	0.109591
26	0.1085
27	0.107421
28	0.106352
29	0.105294
30	0.104246
31	0.103209
32	0.102182
33	0.101165
34	0.100158
35	0.0991617
36	0.0981751
37	0.0971982
38	0.0962311
39	0.0952735
40	0.0943256
41	0.093387
42	0.0924578
43	0.0915378
44	0.090627
45	0.0897252
46	0.0888325
47	0.0879486
48	0.0870735
49	0.0862071
50	0.0853493
51	0.0845
52	0.0836593
53	0.0828268
54	0.0820027
55	0.0811868
56	0.0803789
57	0.0795791
58	0.0787873
59	0.0780034
60	0.0772272
61	0.0764588
62	0.075698
63	0.0749448
64	0.0741991
65	0.0734608
66	0.0727299
67	0.0720062
68	0.0712897
69	0.0705804
70	0.0698781
71	0.0691828
72	0.0684944
73	0.0678129
74	0.0671381
75	0.0664701
76	0.0658087
77	0.0651539
78	0.0645056
79	0.0638638
80	0.0632283
81	0.0625992
82	0.0619763
83	0.0613596
84	0.0607491
85	0.0601446
86	0.0595462
87	0.0589537
88	0.0583671
89	0.0577863
90	0.0572113
91	0.0566421
92	0.0560785
93	0.0555205
94	0.0549681
95	0.0544211
96	0.0538796
97	0.0533435
98	0.0528127
99	0.0522872
100	0.051767
101	0.0512519
102	0.0507419
103	0.050237
104	0.0497371
105	0.0492423
106	0.0487523
107	0.0482672
108	0.0477869
109	0.0473114
110	0.0468407
111	0.0463746
112	0.0459132
113	0.0454563
114	0.045004
115	0.0445562
116	0.0441129
117	0.043674
118	0.0432394
119	0.0428092
120	0.0423832
121	0.0419615
122	0.041544
123	0.0411306
124	0.0407213
125	0.0403161
126	0.039915
127	0.0395178
128	0.0391246
129	0.0387353
130	0.0383499
131	0.0379683
132	0.0375905
133	0.0372165
134	0.0368462
135	0.0364796
136	0.0361166
137	0.0357572
138	0.0354014
139	0.0350492
140	0.0347004
141	0.0343552
142	0.0340133
143	0.0336749
144	0.0333398
145	0.0330081
146	0.0326796
147	0.0323545
148	0.0320325
149	0.0317138
150	0.0313982
151	0.0310858
152	0.0307765
153	0.0304703
154	0.0301671
155	0.0298669
156	0.0295698
157	0.0292755
158	0.0289842
159	0.0286958
160	0.0284103
161	0.0281276
162	0.0278477
163	0.0275707
164	0.0272963
165	0.0270247
166	0.0267558
167	0.0264896
168	0.026226
169	0.0259651
170	0.0257067
171	0.0254509
172	0.0251977
173	0.024947
174	0.0246987
175	0.024453
176	0.0242097
177	0.0239688
178	0.0237303
179	0.0234942
180	0.0232604
181	0.0230289
182	0.0227998
183	0.0225729
184	0.0223483
185	0.022126
186	0.0219058
187	0.0216878
188	0.0214721
189	0.0212584
190	0.0210469
191	0.0208375
192	0.0206301
193	0.0204248
194	0.0202216
195	0.0200204
196	0.0198212
197	0.019624
198	0.0194287
199	0.0192354
200	0.019044
201	0.0188545
202	0.0186669
203	0.0184812
204	0.0182973
205	0.0181152
206	0.017935
207	0.0177565
208	0.0175798
209	0.0174049
210	0.0172317
211	0.0170603
212	0.0168905
213	0.0167224
214	0.0165561
215	0.0163913
216	0.0162282
217	0.0160668
218	0.0159069
219	0.0157486
220	0.0155919
221	0.0154368
222	0.0152832
223	0.0151311
224	0.0149805
225	0.0148315
226	0.0146839
227	0.0145378
228	0.0143931
229	0.0142499
230	0.0141081
231	0.0139678
232	0.0138288
233	0.0136912
234	0.013555
235	0.0134201
236	0.0132865
237	0.0131543
238	0.0130235
239	0.0128939
240	0.0127656
241	0.0126386
242	0.0125128
243	0.0123883
244	0.012265
245	0.012143
246	0.0120222
247	0.0119025
248	0.0117841
249	0.0116669
250	0.0115508
251	0.0114358
252	0.011322
253	0.0112094
254	0.0110979
255	0.0109874
256	0.0108781
257	0.0107699
258	0.0106627
259	0.0105566
260	0.0104516
261	0.0103476
262	0.0102446
263	0.0101427
264	0.0100418
265	0.00994184
266	0.00984292
267	0.00974498
268	0.00964801
269	0.00955201
270	0.00945697
271	0.00936287
272	0.00926971
273	0.00917747
274	0.00908616
275	0.00899575
276	0.00890624
277	0.00881762
278	0.00872988
279	0.00864302
280	0.00855702
281	0.00847188
282	0.00838758
283	0.00830412
284	0.0082215
285	0.00813969
286	0.0080587
287	0.00797851
288	0.00789913
289	0.00782053
290	0.00774271
291	0.00766567
292	0.0075894
293	0.00751388
294	0.00743912
295	0.0073651
296	0.00729181
297	0.00721926
298	0.00714742
299	0.00707631
300	0.0070059
301	0.00693619
302	0.00686717
303	0.00679884
304	0.00673119
305	0.00666421
306	0.0065979
307	0.00653225
308	0.00646726
309	0.00640291
310	0.0063392
311	0.00627612
312	0.00621367
313	0.00615185
314	0.00609063
315	0.00603003
316	0.00597003
317	0.00591063
318	0.00585182
319	0.00579359
320	0.00573594
321	0.00567887
322	0.00562236
323	0.00556642
324	0.00551103
325	0.0054562
326	0.00540191
327	0.00534816
328	0.00529494
329	0.00524226
330	0.0051901
331	0.00513845
332	0.00508732
333	0.00503671
334	0.00498659
335	0.00493697
336	0.00488785
337	0.00483921
338	0.00479106
339	0.00474339
340	0.00469619
341	0.00464946
342	0.0046032
343	0.0045574
344	0.00451205
345	0.00446716
346	0.00442271
347	0.0043787
348	0.00433513
349	0.004292
350	0.00424929
351	0.00420701
352	0.00416515
353	0.00412371
354	0.00408267
355	0.00404205
356	0.00400183
357	0.00396201
358	0.00392259
359	0.00388356
360	0.00384492
361	0.00380666
362	0.00376878
363	0.00373128
364	0.00369416
365	0.0036574
366	0.00362101
367	0.00358498
368	0.00354931
369	0.00351399
370	0.00347903
371	0.00344441
372	0.00341014
373	0.0033762
374	0.00334261
375	0.00330935
376	0.00327642
377	0.00324382
378	0.00321154
379	0.00317959
380	0.00314795
381	0.00311663
382	0.00308562
383	0.00305492
384	0.00302452
385	0.00299442
386	0.00296463
387	0.00293513
388	0.00290593
389	0.00287701
390	0.00284838
391	0.00282004
392	0.00279198
393	0.0027642
394	0.0027367
395	0.00270947
396	0.00268251
397	0.00265582
398	0.00262939
399	0.00260323
400	0.00257733
401	0.00255168
402	0.00252629
403	0.00250115
404	0.00247627
405	0.00245163
406	0.00242723
407	0.00240308
408	0.00237917
409	0.0023555
410	0.00233206
411	0.00230886
412	0.00228588
413	0.00226314
414	0.00224062
415	0.00221832
416	0.00219625
417	0.0021744
418	0.00215276
419	0.00213134
420	0.00211014
421	0.00208914
422	0.00206835
423	0.00204777
424	0.0020274
425	0.00200722
426	0.00198725
427	0.00196748
428	0.0019479
429	0.00192852
430	0.00190933
431	0.00189033
432	0.00187152
433	0.0018529
434	0.00183446
435	0.00181621
436	0.00179814
437	0.00178025
438	0.00176253
439	0.001745
440	0.00172763
441	0.00171044
442	0.00169342
443	0.00167657
444	0.00165989
445	0.00164338
446	0.00162702
447	0.00161083
448	0.00159481
449	0.00157894
450	0.00156323
451	0.00154767
452	0.00153227
453	0.00151703
454	0.00150193
455	0.00148699
456	0.00147219
457	0.00145754
458	0.00144304
459	0.00142868
460	0.00141447
461	0.00140039
462	0.00138646
463	0.00137266
464	0.001359
465	0.00134548
466	0.00133209
467	0.00131884
468	0.00130572
469	0.00129272
470	0.00127986
471	0.00126713
472	0.00125452
473	0.00124204
474	0.00122968
475	0.00121744
476	0.00120533
477	0.00119334
478	0.00118146
479	0.00116971
480	0.00115807
481	0.00114654
482	0.00113514
483	0.00112384
484	0.00111266
485	0.00110159
486	0.00109063
487	0.00107977
488	0.00106903
489	0.00105839
490	0.00104786
491	0.00103744
492	0.00102711
493	0.00101689
494	0.00100677
495	0.000996757
496	0.000986839
497	0.00097702
498	0.000967299
499	0.000957674
500	0.000948145
501	0.000938711
502	0.00092937
503	0.000920123
504	0.000910968
505	0.000901903
506	0.000892929
507	0.000884044
508	0.000875248
509	0.000866539
510	0.000857917
511	0.000849381
512	0.000840929
513	0.000832562
514	0.000824278
515	0.000816076
516	0.000807956
517	0.000799917
518	0.000791957
519	0.000784077
520	0.000776275
521	0.000768551
522	0.000760904
523	0.000753333
524	0.000745837
525	0.000738416
526	0.000731069
527	0.000723794
528	0.000716593
529	0.000709462
530	0.000702403
531	0.000695414
532	0.000688495
533	0.000681644
534	0.000674861
535	0.000668146
536	0.000661498
537	0.000654916
538	0.0006484
539	0.000641948
540	0.000635561
541	0.000629237
542	0.000622976
543	0.000616777
544	0.00061064
545	0.000604564
546	0.000598548
547	0.000592593
548	0.000586696
549	0.000580859
550	0.000575079
551	0.000569357
552	0.000563692
553	0.000558083
554	0.00055253
555	0.000547032
556	0.000541589
557	0.0005362
558	0.000530865
559	0.000525583
560	0.000520353
561	0.000515175
562	0.000510049
563	0.000504974
564	0.00049995
565	0.000494975
566	0.00049005
567	0.000485174
568	0.000480346
569	0.000475567
570	0.000470835
571	0.00046615
572	0.000461512
573	0.00045692
574	0.000452373
575	0.000447872
576	0.000443416
577	0.000439004
578	0.000434635
579	0.000430311
580	0.000426029
581	0.00042179
582	0.000417593
583	0.000413438
584	0.000409324
585	0.000405251
586	0.000401219
587	0.000397227
588	0.000393274
589	0.000389361
590	0.000385487
591	0.000381651
592	0.000377854
593	0.000374094
594	0.000370372
595	0.000366687
596	0.000363038
597	0.000359426
598	0.000355849
599	0.000352309
600	0.000348803
601	0.000345332
602	0.000341896
603	0.000338494
604	0.000335126
605	0.000331792
606	0.00032849
607	0.000325222
608	0.000321986
609	0.000318782
610	0.00031561
611	0.00031247
612	0.000309361
613	0.000306282
614	0.000303235
615	0.000300218
616	0.00029723
617	0.000294273
618	0.000291345
619	0.000288446
620	0.000285576
621	0.000282734
622	0.000279921
623	0.000277136
624	0.000274378
625	0.000271648
626	0.000268945
627	0.000266269
628	0.00026362
629	0.000260997
630	0.0002584
631	0.000255829
632	0.000253283
633	0.000250763
634	0.000248268
635	0.000245797
636	0.000243352
637	0.00024093
638	0.000238533
639	0.000236159
640	0.00023381
641	0.000231483
642	0.00022918
643	0.0002269
644	0.000224642
645	0.000222407
646	0.000220194
647	0.000218003
648	0.000215834
649	0.000213686
650	0.00021156
651	0.000209455
652	0.000207371
653	0.000205307
654	0.000203264
655	0.000201242
656	0.000199239
657	0.000197257
658	0.000195294
659	0.000193351
660	0.000191427
661	0.000189522
662	0.000187637
663	0.00018577
664	0.000183921
665	0.000182091
666	0.000180279
667	0.000178486
668	0.00017671
669	0.000174951
670	0.00017321
671	0.000171487
672	0.000169781
673	0.000168091
674	0.000166419
675	0.000164763
676	0.000163123
677	0.0001615
678	0.000159893
679	0.000158302
680	0.000156727
681	0.000155168
682	0.000153624
683	0.000152095
684	0.000150582
685	0.000149084
686	0.0001476
687	0.000146132
688	0.000144678
689	0.000143238
690	0.000141813
691	0.000140402
692	0.000139005
693	0.000137622
694	0.000136252
695	0.000134896
696	0.000133554
697	0.000132225
698	0.00013091
699	0.000129607
700	0.000128317
701	0.000127041
702	0.000125777
703	0.000124525
704	0.000123286
705	0.000122059
706	0.000120845
707	0.000119642
708	0.000118452
709	0.000117273
710	0.000116106
711	0.000114951
712	0.000113807
713	0.000112675
714	0.000111554
715	0.000110444
716	0.000109345
717	0.000108257
718	0.00010718
719	0.000106113
720	0.000105057
721	0.000104012
722	0.000102977
723	0.000101953
724	0.000100938
725	9.99337e-05
726	9.89394e-05
727	9.79549e-05
728	9.69803e-05
729	9.60153e-05
730	9.50599e-05
731	9.41141e-05
732	9.31776e-05
733	9.22505e-05
734	9.13326e-05
735	9.04238e-05
736	8.95241e-05
737	8.86333e-05
738	8.77514e-05
739	8.68782e-05
740	8.60138e-05
741	8.51579e-05
742	8.43106e-05
743	8.34717e-05
744	8.26411e-05
745	8.18188e-05
746	8.10047e-05
747	8.01987e-05
748	7.94007e-05
749	7.86107e-05
750	7.78285e-05
751	7.70541e-05
752	7.62874e-05
753	7.55283e-05
754	7.47768e-05
755	7.40327e-05
756	7.32961e-05
757	7.25668e-05
758	7.18447e-05
759	7.11299e-05
760	7.04221e-05
761	6.97214e-05
762	6.90277e-05
763	6.83408e-05
764	6.76608e-05
765	6.69876e-05
766	6.63211e-05
767	6.56611e-05
768	6.50078e-05
769	6.4361e-05
770	6.37206e-05
771	6.30865e-05
772	6.24588e-05
773	6.18373e-05
774	6.1222e-05
775	6.06129e-05
776	6.00098e-05
777	5.94127e-05
778	5.88215e-05
779	5.82362e-05
780	5.76568e-05
781	5.70831e-05
782	5.65151e-05
783	5.59527e-05
784	5.5396e-05
785	5.48448e-05
786	5.42991e-05
787	5.37588e-05
788	5.32239e-05
789	5.26943e-05
790	5.217e-05
791	5.16509e-05
792	5.1137e-05
793	5.06281e-05
794	5.01244e-05
795	4.96256e-05
796	4.91318e-05
797	4.8643e-05
798	4.8159e-05
799	4.76798e-05
800	4.72054e-05
801	4.67357e-05
802	4.62706e-05
803	4.58102e-05
804	4.53544e-05
805	4.49031e-05
806	4.44563e-05
807	4.4014e-05
808	4.3576e-05
809	4.31424e-05
810	4.27132e-05
811	4.22882e-05
812	4.18674e-05
813	4.14508e-05
814	4.10384e-05
815	4.063e-05
816	4.02258e-05
817	3.98255e-05
818	3.94292e-05
819	3.90369e-05
820	3.86485e-05
821	3.82639e-05
822	3.78832e-05
823	3.75062e-05
824	3.7133e-05
825	3.67636e-05
826	3.63978e-05
827	3.60356e-05
828	3.5677e-05
829	3.5322e-05
830	3.49706e-05
831	3.46226e-05
832	3.42781e-05
833	3.39371e-05
834	3.35994e-05
835	3.32651e-05
836	3.29341e-05
837	3.26064e-05
838	3.22819e-05
839	3.19607e-05
840	3.16427e-05
841	3.13278e-05
842	3.10161e-05
843	3.07075e-05
844	3.0402e-05
845	3.00995e-05
846	2.98e-05
847	2.95035e-05
848	2.92099e-05
849	2.89192e-05
850	2.86315e-05
851	2.83466e-05
852	2.80646e-05
853	2.77853e-05
854	2.75088e-05
855	2.72351e-05
856	2.69641e-05
857	2.66958e-05
858	2.64302e-05
859	2.61672e-05
860	2.59068e-05
861	2.56491e-05
862	2.53939e-05
863	2.51412e-05
864	2.4891e-05
865	2.46434e-05
866	2.43982e-05
867	2.41554e-05
868	2.3915e-05
869	2.36771e-05
870	2.34415e-05
871	2.32082e-05
872	2.29773e-05
873	2.27487e-05
874	2.25223e-05
875	2.22982e-05
876	2.20764e-05
877	2.18567e-05
878	2.16392e-05
879	2.14239e-05
880	2.12107e-05
881	2.09997e-05
882	2.07907e-05
883	2.05839e-05
884	2.0379e-05
885	2.01763e-05
886	1.99755e-05
887	1.97768e-05
888	1.958e-05
889	1.93852e-05
890	1.91923e-05
891	1.90013e-05
892	1.88122e-05
893	1.8625e-05
894	1.84397e-05
895	1.82562e-05
896	1.80746e-05
897	1.78948e-05
898	1.77167e-05
899	1.75404e-05
900	1.73659e-05
901	1.71931e-05
902	1.7022e-05
903	1.68526e-05
904	1.6685e-05
905	1.65189e-05
906	1.63546e-05
907	1.61918e-05
908	1.60307e-05
909	1.58712e-05
910	1.57133e-05
911	1.55569e-05
912	1.54022e-05
913	1.52489e-05
914	1.50972e-05
915	1.4947e-05
916	1.47982e-05
917	1.4651e-05
918	1.45052e-05
919	1.43609e-05
920	1.4218e-05
921	1.40765e-05
922	1.39364e-05
923	1.37978e-05
924	1.36605e-05
925	1.35246e-05
926	1.339e-05
927	1.32568e-05
928	1.31249e-05
929	1.29943e-05
930	1.2865e-05
931	1.2737e-05
932	1.26102e-05
933	1.24847e-05
934	1.23605e-05
935	1.22375e-05
936	1.21158e-05
937	1.19952e-05
938	1.18759e-05
939	1.17577e-05
940	1.16407e-05
941	1.15249e-05
942	1.14102e-05
943	1.12967e-05
944	1.11843e-05
945	1.1073e-05
946	1.09628e-05
947	1.08537e-05
948	1.07457e-05
949	1.06388e-05
950	1.05329e-05
951	1.04281e-05
952	1.03244e-05
953	1.02216e-05
954	1.01199e-05
955	1.00192e-05
956	9.91955e-06
957	9.82085e-06
958	9.72313e-06
959	9.62638e-06
960	9.5306e-06
961	9.43577e-06
962	9.34188e-06
963	9.24893e-06
964	9.1569e-06
965	9.06578e-06
966	8.97558e-06
967	8.88627e-06
968	8.79785e-06
969	8.71031e-06
970	8.62364e-06
971	8.53783e-06
972	8.45288e-06
973	8.36877e-06
974	8.2855e-06
975	8.20306e-06
976	8.12144e-06
977	8.04063e-06
978	7.96062e-06
979	7.88141e-06
980	7.80299e-06
981	7.72535e-06
982	7.64848e-06
983	7.57238e-06
984	7.49703e-06
985	7.42244e-06
986	7.34858e-06
987	7.27546e-06
988	7.20307e-06
989	7.1314e-06
990	7.06044e-06
991	6.99019e-06
992	6.92063e-06
993	6.85177e-06
994	6.7836e-06
995	6.7161e-06
996	6.64927e-06
997	6.58311e-06
998	6.51761e-06
999	6.45276e-06
