.9570218868232755272493024891748138746352286093525439025122292526564172142899564586164721501880711042e-1
.739109654166860489352602205219261379778839477589388400094872802210517790484866230147919165173670238e-1
.7491344379436063154172520099108637053769205587349940464090116812433278359195190013132877571678593e-1
.703849971552235470218812625016089839449784509940926303254752977708907428077958914838905349861706e-1
.73465608983121226766457395923064410540032952079207820286035508039900254879015975948846298767173e-1
.6982487890987278356420753484987624237469805827597904896770048560284186867777815351219498697477e-1
.729645391273517904652165596782633837073429792861232839156827016110161629951181827033931985103e-1
.69660370171189682082861401613401270148632487593208124198083081747911111649410915436977744455e-1
.7266334819465507793676533634544352255606131135310040759716086674010351720861756990200213156e-1
.69594111569537128031177003566948918553673237490082152156714280217521851848291487836019519e-1
.7242593797913700494011133612309332149263905839657589893507999663131970888809625241218740e-1
.695538072661022863187964268136969008211941443940833004726182542706811879360660125899333e-1
.72212539652782855226022037104223943492051462352927797258714296375985741202241443331509e-1
.6951509289360690511111411767943099701833095525105301911541724890361431627282887676277e-1
.720083495125567479214466288814730235498571801628464812411807369335971990681798033979e-1
.6946842047279787285685236403134983946813728765839951579576824604780178305100643040e-1
.718073052913002484137085834548549114045031499079187523196845453715646450428781517e-1
.69410389891389468452772554082238615468945243386387773972916101638715804922283467e-1
.7160764078881283263078952535267703768538056126488472028562925988281405371243537e-1
.693415495334689885546614972266644020471032426475094017389798054322905227323631e-1
.7141146179614111429564052737628821031900100319493254338640696823791978632546e-1
.692674181596114654389573618066778175493916117708707251131674926460976187936e-1
.71227612828074376154531732203828633299540755542803798018400345404895158531e-1
.6920385148011069107416616149180226743686471094291810764887468153721911629e-1
.7108079583599227429488504175153248045212915492795455228384591058044e-1
.691920175404856820815110264252957666681481917488608811343717803485e-1
.7103454795736305797342416201618329963077563276872918903244091471e-1
.693318565849778348896013094174348042855529720502769739792255961e-1
.7123137807399180544656674960424473562313023405666932301585995e-1
.698116767481117646374876339350727474790795527826457534047948e-1
.71857663829232923459038233097940583680481838953157215943362e-1
.707012985137731433523865262207403435531196087843555635578e-1
