.2977705410510412349442574278306063010314739612796114403638688933798010786553410501338121431267303572
.2364413513779273632992589708810738936553994440609373864820881939588648279875554417200078420473057030
.2251817769689388443065542736497123090354303161855984111332354320508133109007725339448020052801570015
.2185853754154367230800352369513216079565321497614980630962818760177245981803511493056487916460579044
.2125908184856494688366449096676565781683040293900878798104114199055360544447794540985185564223185142
.2063311453014612836679663886752208200294608061469427918019873721110860731662097200436936048611864975
.1995872820636677080261622749431128101387691561579939172557573356309396427754600414725027345066408698
.1923356966440464800811125393908304840449122469598983625090558737354459248254579418814692463163412377
.1846266917440529699992915075867653614553970497276362545472270736822665577480744437501001792333839917
.1765415682440435018466121052040953566449963991021979902053989023597908703554552200430029866517248244
.1681740445592202600231624337273934266115486734703764266463636158711746887179619800680236101615599872
.1596207161457398073118312821502456812742742319742452658111475153548092587428525442672321731252532612
.1509755214800114202968104440744537412550438928547060836865102892239534755959895320692229810866902137
.1423263125248952183540706253301036477323888306584558263115615150320166937849923053608538324125816502
.1337527166014641507799436567961078714907858490658980430209502373852069609830648757878668446881967339
.1253248898648845554085464323078499854674030086302012479985003075285310325709238189049398532419796312
.1171029303589380099715409368529135924202943796636510924628242330089584886543021804184762917417371048
.1091367917351870926602059566600724641758884865604676069279714553380526407190278758357556465992832429
.1014665744554247060203445798127828130763952238553307997253562204489156741616030694300252158069888052
.9412309247829337133214531766593570763059462684092538843865433154178544399260723920871723448640161711e-1
.8712862922131984672353518088400736056203727645353308022924487063046694555542816995233597175301913260e-1
.8049781045087937114002587967096012754417093638531491571658206302169077111308047639605427756267583634e-1
.7423853474548489126550892410425806877093930928263354267264487393599830787560662767090653534639944555e-1
.6835291439987556571440805730345286730032402189956143791872371139853273029118270395190803180955632540e-1
.6283819086948034622328085600929387798511222427187652123855726866905133322021511521383804844262228650e-1
.5768759884566475270029409809285609585407189864248288385040759925044150059258851436402145899750242278e-1
.5289116163026324911718924790620256287911610493908474079348967292606902826312410325666771780519428252e-1
.4843640758023566966675477395811270919865694672295000657844740138950882084117096373643637228465615609e-1
.4430900305558771000652845933957821879603442086333011991677068656376605621278530147115869308173518732e-1
.4049330163582516513486463318753891801318617626424866634820291981600752475609129631971086444544441403e-1
.3697281252878195825187109008867968092241552750695749102619198360963974800410629893845629982477387058e-1
.3373059325970935900818231748557128995333689970042040478774168297419283111289211127081637620156261416e-1
