.3367964909713053640251486685044396965323875073347050974913736548962024001028875209847984772719223869e-1
.3482073668798615773697587597971308016082166591281076117433486957861094548105830466684763696012820394e-1
.3518052377569610731810400188256619507256839330684365769535841739394924788661777029724744561453724716e-1
.3529273842096123078254825643931437707968978089296303936108359849243688440147936543134439037514550997e-1
.3539118728433780164578971192157102660375694397053266425816258124860028656730382738462325786208766343e-1
.3538281585080320571118434263046100291239809765507563570929830801496685572472751119613270407740150243e-1
.3543930309961843752155817667468726945241431475080561591803639644752224983773464482266263925141210709e-1
.3539936232577995087725701101024337737290809408908989336004901403474116659617944202498896829807245792e-1
.3543874786995422611148543326779203936534485774745155795880106692424113119764986407617509254434966791e-1
.3538905996279183821101684121379238777855901887061358428917941925019227827968884778075256221122024888e-1
.3541498472147436569815346895162165509769466809832293435421716545161084608950177204788126719906852829e-1
.3536433505545499972756287985311525189090483776112183856054802038193694038093790321263579826983381372e-1
.3537651016625495931217636377816741687720446145159016976725711911075086669119148677832771209474152685e-1
.3532972953845152457792914773923569635442245243593570229870043302440443009217566507823207691051746955e-1
.3532701293703434994127360333162065358534973882998256081136336694528997502654394456799833742538813172e-1
.3528747508083104843827732130871521500417116100040611546024071394682194123177482548502216886107236245e-1
.3526864467764003373859339585864152520747618361575649372729916160072174028049276089656618871045109773e-1
.3523925328035605111018836644284139943864018537259352496573228853589397479234636980799843571994128004e-1
.3520342243317842217253245085549453188620390168487613176914133034720782346985856887788979831687459324e-1
.3518725130949039907255308608932313583671241360303471884257718226729215406306294524702058895041526644e-1
.3513456493461305145314361302892335568120261889104593871463278959225815875136079750078353854074552062e-1
.3513572827838959635280925587230917399306866726669863431410487024700550592258104458585954985792024631e-1
.3506909711326006917911329288248416276644849167610733690780823711407137525828159999886559312697855879e-1
.3509467252016028258078715931481234015728297542411449521666501784701379061925311048185570539046058368e-1
.3502424868214792014254655982856945735096191646076268303566078737849789011012200785381442514617361501e-1
.3508881828629583144017560447227739361066111428022254654333173508269828215660638488933462340629240861e-1
.3504236848583243300900072576979417690157146829317594508884751479048906508550837401177598057400367822e-1
.3517545810947493398096091239180577716480236354609208430645702622927718282259954974736775867566005952e-1
.3521199824860396176435570381290928460094503283039696213773901672789992068217706295207337179819933992e-1
.3544605877319493404357953928387360393709477889259485259265862204807365251857249519595685832022261376e-1
.3561682357951628402174453114594024272590691360731146147513050239844227626663423805401271564346169161e-1
.3585980819689761655902222717121489457486693015970508472831114893990303190783047327588959979895866461e-1
