.3367964909713053640251486685044396965323875073347050974913736548962024001028875209847984772719223869e-1
.3482073668798615773697587597971308016082166591281076117433486957861094548105830466684763696012820394e-1
.3518052377569610731810400188256619507256839330684365769535841739394924788661777029724744561453724716e-1
.3529273842096123078254825643931437707968978089296303936108359849243688440147936543134439037514550997e-1
.3539118728433780164578971192157102660375694397053266425816258124860028656730382738462325786208766343e-1
.3538281585080320571118434263046100291239809765507563570929830801496685572472751119613270407740150243e-1
.3543930309961843752155817667468726945241431475080561591803639644752224983773464482266263925141210709e-1
.3539936232577995087725701101024337737290809408908989336004901403474116659617944202498896829807245792e-1
.3543874786995422611148543326779203936534485774745155795880106692424113119764986407617509254434966791e-1
.3538905996279183821101684121379238777855901887061358428917941925019227827968884778075256221122024888e-1
.3541498472147436569815346895162165509769466809832293435421716545161084608950177204788126719906852829e-1
.3536433505545499972756287985311525189090483776112183856054802038193694038093790321263579826983381372e-1
.3537651016625495931217636377816741687720446145159016976725711911075086669119148677832771209474152685e-1
.3532972953845152457792914773923569635442245243593570229870043302440443009217566507823207691051746955e-1
.3532701293703434994127360333162065358534973882998256081136336694528997502654394456799833742538813172e-1
.3528747508083104843827732130871521500417116100040611546024071394682194123177482548502216886107236245e-1
