.1048842214920246285662504425565796309930198156683849427626691279990748367648680041188077402191310681
.1079184366070782009680505040719889462636138764774811170988466151717340419948609488843156411948531391
.1074038277579472257193951163606506403863481641298143776227079076688381876407233271048983055909515232
.1057381870568648197831713521468349352802887628057768563372101242351085428911006630710524937046684866
.1033940618281142433439764938342622073241272514276735069842985623680624515087941499162242047467122545
.1005456167017109189283111033785131506733184009012860769622998913019678019467422636340157032817631310
.9729318275024313660710622963456028470524690107656320887886321136998099279807968402417575220808731644e-1
.9371367724229345920274517326705399755460201528895744396925265508343707824301435684101837088033118864e-1
.8987478819883915330444259177527143892652309131290921753866849377487242186531783362299223500636122568e-1
.8583917294820414496946957415246944367036096339345103932923099865399351094922520616839505293693735663e-1
.8166542954964855784111919455813704368882203324614688894679362340004814350896862180593958338480049164e-1
.7740797685345322164979729852363902513220298869289596737209507020610029903329558295585205699410500710e-1
.7311662347267216021547048955199353856662821669001152315234005471831892916746658540317207584948310036e-1
.6883613703723266350367556877599738643577515283223824882866253565343087669458850126337914813336164874e-1
.6460593859446945958889488647898182741755464644241381059564463884127911822045883904410030946690769702e-1
.6045996366384383889953991594515081369583231940507680301880048302328047981428514966144872493084000556e-1
.5642669103898726002601034008671670192976422344797633109589846779622893909830437669692279772198558511e-1
.5252932037045564251520308413059391182621351971280310826063714382363967639210326912350534844968540301e-1
.4878607035300081465105734132473494570451319452650922692030926003968597378038256764378810483399804450e-1
.4521056642035263919234304386085717349589778457376469374163450146752245127734110182892818988991859535e-1
.4181228769883233768149564979327703211036328707242853536498301583921267922941881192589631820739288956e-1
.3859704601791288621523512282431756995429929004861927172264497457745254287994157360464278529654063477e-1
.3556747396593092265257680771852575800622281824462956298238609478156693682778608404679162507478147299e-1
.3272350358682602317490916541306069459749053298542788928698957677071243476748872028855033215114709905e-1
.3006282185017781653363195151739811488166124450449971926267921956011943451674091768510411166419480113e-1
.2758129318261700545324049466750344295611756265933386036648369763302884538338300795941429895683240621e-1
.2527334295102816953231606874931891651488189725357899896654764831356360745997843285408558329110515757e-1
.2313229876461928253956336956644267078237238310168457416527677553549521924175049165267020876258361335e-1
.2115068881215756497843686318861754037067660269016202973562428566781087905996866668810938840826566061e-1
.1932049821638901805580714295377683756167202546368367469759062932558713632421171554862648518088678574e-1
.1763338563996847689748632724118736342905953916413395382840999363297345802136280891931057099457356424e-1
.1608086319786881658814017297687814012350223112058473813245616614674292069819465622808498861995707514e-1
