.4106892073601822970713210145033145378471549199354449409407592291931190257420911498761849735038898137e-1
.3194246351478046118755112612848405207040531252479821669873477759297448161469513066147506569505902114e-1
.2966081501982217630875834006879565490415708205273156590056131484150639440563661117360349951264141159e-1
.2874811733036555197418278532921514184800336084242499470786613694842653922685461296975208345064968543e-1
.2829172746146314026813005143935590840965659703387083568335628357387258213921520939899198108320411182e-1
.2803089027790723597435877952475986365743799942088545164540098172970510614278570701665242024688269586e-1
.2786782260932833045166560231787220769197300504997488719398935120820742246487904865064996547113524784e-1
.2775906527670546132074855683796907063578768308889117905335699827243115729662594881144040497955071246e-1
.2768288870130949050844644747617032927154425869299226536495350416473321071893278892910444890554923690e-1
.2762744039989946743413496276048165750634684707468190147536352725739705421359414373196041844385952255e-1
.2758580644212453695684276331536353078730308811861223385077117407943004134634134522693935575950384183e-1
.2755373212426717129658898656852624562297514111000718062780063094013773629949522387654196794345442766e-1
.2752848230722893643853188191579359298198494594345847255108283329025880811394519354442514983013000966e-1
.2750823359791374561878423306486928156607635991058156715840633634474935009015024120407975162691628885e-1
.2749173245238214068298017840367974102437023535729692002114508764740741593187244715902267611327980282e-1
.2747809406117960779216479797030856288060526931146706190500093332007780064556735798981160556230380963e-1
