.4106892073601822970713210145033145378471549199354449409407592291931190257420911498761849735038898137e-1
.3194246351478046118755112612848405207040531252479821669873477759297448161469513066147506569505902114e-1
.2966081501982217630875834006879565490415708205273156590056131484150639440563661117360349951264141159e-1
.2874811733036555197418278532921514184800336084242499470786613694842653922685461296975208345064968543e-1
.2829172746146314026813005143935590840965659703387083568335628357387258213921520939899198108320411182e-1
.2803089027790723597435877952475986365743799942088545164540098172970510614278570701665242024688269586e-1
.2786782260932833045166560231787220769197300504997488719398935120820742246487904865064996547113524784e-1
.2775906527670546132074855683796907063578768308889117905335699827243115729662594881144040497955071246e-1
.2768288870130949050844644747617032927154425869299226536495350416473321071893278892910444890554923690e-1
.2762744039989946743413496276048165750634684707468190147536352725739705421359414373196041844385909295e-1
.2758580644212453695684276331536353078730308811861223385077117407943004134634134522693935575948070385e-1
.2755373212426717129658898656852624562297514111000718062780063094013773629949522387654196794382346152e-1
.2752848230722893643853188191579359298198494594345847255108283329025880811394519354442514982874980581e-1
.2750823359791374561878423306486928156607635991058156715840633634474935009015024120407975162403397194e-1
.2749173245238214068298017840367974102437023535729692002114508764740741593187244715902267612946837217e-1
.2747809406117960779216479797030856288060526931146706190500093332007780064556735798981160564442489367e-1
.2746667944703095262575215830432861033412827240190604602483759828494158585549199394558965110738951430e-1
.2745701784341190246830694245760634679398578540716548311167295141434047084192925032793451813005430851e-1
.2744875624166661081534286467118299850789769286482173630860084716555460646666084897435951343032191714e-1
.2744162575675345583904639756334378768587358260869480852625792760156654464433370335978088473222975896e-1
.2743541869574322623295539466269256430088024947861764125309662788957914987627951099805351271806763603e-1
.2742997260634567478927216712168960356499041148093875451575427340597474187131549582899982091251779511e-1
.2742515897874364395602510887145715572075109882254066545257958264661856321423402003376136125102652756e-1
.2742087511161399132921341832819662217979562893226415809000420999518415464947985034874182497436514065e-1
.2741703816865899661830897988100156201858466975678773237739481089992300366577740567820804366808841579e-1
.2741358077650958034330216881667461379573993122602606693633395424555287432299271867900124630797912853e-1
.2741044772349189187971268291475905223246497686392387802998819586569929288985298589463569027974117370e-1
.2740759345543688042385061274948700341275331460938838109585486156079904038585885411099943661118343044e-1
.2740498015583759338461010116746251461357559422990146772883007286955719742803645231617344126107417991e-1
.2740257625938917313531107188264660542588752622771570818874492621249369441333511818539593135433855678e-1
.2740035529038694805550218169572780331821317050773979469990825256923769521630230344298097126862258072e-1
.2739829494703923822422562418873284870151450369051510812068245583936303495263532704911279795796808640e-1
