.1060394267490707614332159246805546452443105790762351814328305637937743551221323944234105645687586103e-1
.1234115791524017737990689917243147013416810080570325431853585918693920287132505938875037036115650631e-1
.1293544676916351693161960279760994409726273126384188634480536015007209852887106320421259853197283187e-1
.1320818380583094908154170806008659380236064002192971479169906282056907554769266948791995700766312024e-1
.1335571201272917392037505280455606537790057417268237543420549796757241206487984119580684160933309344e-1
.1344444107158022524757672232564605819688212974093023584005823659793362081462398867914474314231759154e-1
.1350192542276839626606764917627353338683865786693843774988083629948582137652776773299017200460131796e-1
.1354127643218648638099755396593299049407337413354825657520398144267674673624484980678058581249247801e-1
.1356938208174311431537123090971918126408967061208599338466560012008619118924769939589863371931983566e-1
.1359014338827189236053819110834463529013513481997271394822490818200953276176941240988410490884183466e-1
.1360590431870565738917797231349159124886742495015711036301169826117235318166238873777991610910489561e-1
.1361814226633750026476823240324569838849784948126567080168917476037486658670676758918832638354000756e-1
.1362782595128434864358789523998638616953441183498276047793238306156284068789197185061012699895734689e-1
.1363561200235323283569664978214071067672792761465472239335488605202781502275525352914106683848087639e-1
.1364195828038340051231404992613458039940289938895563089956809041890760994065509853076968863152691735e-1
.1364719193840473726415151632752230410411991828404974822695333543638866996749227281216929645559669519e-1
