.1060394267490707614332159246805546452443105790762351814328305637937743551221323944234105645687586103e-1
.1234115791524017737990689917243147013416810080570325431853585918693920287132505938875037036115650631e-1
.1293544676916351693161960279760994409726273126384188634480536015007209852887106320421259853197283187e-1
.1320818380583094908154170806008659380236064002192971479169906282056907554769266948791995700766312024e-1
.1335571201272917392037505280455606537790057417268237543420549796757241206487984119580684160933309344e-1
.1344444107158022524757672232564605819688212974093023584005823659793362081462398867914474314231759154e-1
.1350192542276839626606764917627353338683865786693843774988083629948582137652776773299017200460131796e-1
.1354127643218648638099755396593299049407337413354825657520398144267674673624484980678058581249247801e-1
.1356938208174311431537123090971918126408967061208599338466560012008619118924769939589863371931992062e-1
.1359014338827189236053819110834463529013513481997271394822490818200953276176941240988410490884082500e-1
.1360590431870565738917797231349159124886742495015711036301169826117235318166238873777991610903035305e-1
.1361814226633750026476823240324569838849784948126567080168917476037486658670676758918832638359840651e-1
.1362782595128434864358789523998638616953441183498276047793238306156284068789197185061012699906331910e-1
.1363561200235323283569664978214071067672792761465472239335488605202781502275525352914106683637717726e-1
.1364195828038340051231404992613458039940289938895563089956809041890760994065509853076968858670448470e-1
.1364719193840473726415151632752230410411991828404974822695333543638866996749227281216929659287777616e-1
.1365155176217575893265009769392448790364376401590264176004657277154412004038654764435671593555120573e-1
.1365521532854700140030350328260992662267877916359735269021071697194832622285379383957197160599597407e-1
.1365831689928941995998137173850580331196953146329223015051386932640952774282248131968703373187126088e-1
.1366095949394556299201245069596239365169104612962848436230333787895458355129632530499966960289679970e-1
.1366322320938094023878478797972659012147278970771364309472290762312918866482504566225270459042838175e-1
.1366517106264472306753078649459892720144182145252143165173225209539408193940710608816563420338508279e-1
.1366685316523085411693262203761880697404367380614516365022006865997251257109049546769309571668066945e-1
.1366830975187164089744578885498931215180552530567772254042330793166067545583803015534266894907360377e-1
.1366957340947582794115611421125770393843445843199625355577442497978191602632186312957535184825797894e-1
.1367067073880478482559409861704882570842369922165786986269303751094337276757709994724047761060932257e-1
.1367162360808880769057084424586178429258655762168002115637074007184559758118802832247733290268059455e-1
.1367245010925562885845675529201282221202531883023043550897712542484583151420723916429272489629512632e-1
.1367316529481464445963341079165361108298075201873308564368813653585277698533372275989097586709494745e-1
.1367378175116363955817457463743309594693871557504090841986007907438253180078213611020386245704394271e-1
.1367431004865804612214619733510046624867967922296518870945752869250868114016653352675758164780966775e-1
.1367475909795770946533865362317600768850771326461013934285605932914731229990035972820561464716453587e-1
